3.186299598393134
3.011699978172146
2.961342242888122
2.936597512330536
2.9181904289091563
2.7444012442701933
1.3090246460758408
0.9924072290630193
0.9769525302626789
0.9710065010719973
0.9687415044870704
0.962928773714566
0.9617028285845208
0.9436855521466896
0.9269040755966671
0.9129556030272852
0.8991900055327733
0.8771616222995817
0.8246556356430119
0.7451627454713616
0.5959749427936458
0.441300227256761
0.3550175620036953
0.3509578724781477
0.34929504670071765
0.34488833607088054
0.34459371113780435
0.3434881651453452
0.3431848160205391
0.34288569002183067
0.34252102267396367
0.3421602287883161
0.3418468638644754
0.34085302610037616
0.3389057138217595
0.3374603371566991
0.3362640314669534
0.3315521096599241
0.32442404685275505
0.3208089381996615
0.3065535331427327
0.2989625078262179
0.2814279782514859
0.2700785097079006
0.25580976344531337
0.23652752271368627
0.2140039868443182
0.19386607697424552
0.1788257328646523
0.15441183772895783
0.13804225587750807
0.1267669706230663
0.10303859044415731
0.04482873250026387
0.02835888723075186
0.024372735868382733
0.021636897736470928
0.01561788032995537
0.013805108716042014
0.012736692741100342
0.006741771121596685
0.00619884280399674
0.005716423823287187
0.0053918961393719655
0.005117745507504878
0.004849413396186719
0.0046784988876424904
0.004497449255950414
0.004381370647934091
0.004137720595963401
0.0040326132225345646
0.003971463285097343
0.003931072511250022
0.003872466102393446
0.0038168543410392886
0.0037687916776576458
0.0037445802329330036
0.003712983607329079
0.003692975045851199
0.003682837237874992
0.0036647171048116434
0.0036559024381404015
0.0036504150718883466
0.0036474580065259943
0.0036411866983598884
0.003635713445419242
0.0036303951403624524
0.0036275188228955813
0.0036224149544068496
0.003619429154241516
0.003617303404780614
0.0036151545054963208
0.0036126619386323
0.003611296912367834
0.0036080895570194116
0.003604136066542196
0.0036004833793867874
0.0035978680482458003
0.0035952163455021946
0.0035918150365432666
0.003589400613464022
0.003584863049809428
0.003581338752837837
0.003576890598196769
0.003572060744772898
0.003566307542996583
0.0035596777502178156
0.00355279195082403
0.0035437756691862887
0.0035366747360967565
0.003524442742445899
0.0035146888928920816
0.003507544026206233
0.003475212789226134
0.0034616103084772476
0.0034223945224312047
0.0034087323783751344
0.0033579816952169494
0.003342546064459384
0.0032810077923386416
0.003267937778673513
0.0031895363904368423
0.0031532027085177106
0.0031180705598217173
0.0030756636522255576
0.003027961313364358
0.002978540688900466
0.0029154337942145503
0.002868771968906003
0.002786165988254652
0.0027232747158905113
0.0026440588649165875
0.0025627120364788425
0.002476388046034117
0.002373762063371032
0.002306308470224394
0.0021770515188563877
0.002082334405486108
0.0019873851986176305
0.0018747793992588413
0.0018095796328907454
0.0016746579117352667
0.0015830487723178521
0.0015020501859908109
0.0013984668707962555
0.0013210300189712143
0.0012336638383203535
0.0011513149352140317
0.0010950304786092602
0.0010063319607525045
0.0009477597163822793
0.0008972724610885052
0.0008374362660106272
0.000795301171592655
0.0007543307128798915
0.0007134811141895625
0.0006850146166925697
0.0006539859241456725
0.0006280055260958761
0.0006149125495085173
0.0005878632860003563
0.0005713220373309014
0.000562197045155699
0.0005455168961816526
0.0005354578031528945
0.0005290929450438853
0.0005192250291656819
0.0005130235294927843
0.0005087433873995906
0.0005027734582654375
0.0004990490836007666
0.0004961490801633772
0.0004926611989048979
0.0004903827959878981
0.0004884476404640736
0.0004863439289692906
0.0004849632064178877
0.0004836395962684037
0.00048239369243674446
0.0004815285049062368
0.00048060197423183126
0.00047982523938117083
0.0004793733146470913
0.00047859124879323645
0.00047810643263801467
0.00047771357435522077
0.00047723371676511306
0.0004769043155192776
0.0004765430091993039
0.0004762141354603955
0.00047595432511116087
0.00047560636085108854
0.0004753624828026659
0.000475189496683015
0.000474534646855318
0.0004742598557641031
0.00047398355718542007
0.00047371788036798534
0.0004733940286314464
0.0004731150484076352
0.00047272960910049733
0.0004724393290871376
0.00047197547223731817
0.0004716841233403102
0.00047112073025346035
0.00047085211895137036
0.0004701612836015556
0.00046968415904302674
0.00046926518461987143
0.0004678809507367987
0.00046736522176615836
0.0004654556744299043
0.00046449597539321985
0.0004634812908079766
0.00046228286237237626
0.0004609566424278455
0.00045924615847070527
0.0004574755496378202
0.000455509356697803
0.00045074980380377383
0.00044765621373699105
0.0004446947109499888
0.00044077646975893003
0.0004368543320651952
0.0004319911495258566
0.0004267160923063784
0.00042064964145538397
0.000413309860505251
0.00040562812182542984
0.00039627533010389016
0.0003766347613236576
0.00036561596289175213
0.00035348443702787335
0.0003404885246709455
0.00032671191684130463
0.0003111420849108981
0.0002974501735479862
0.00027916952058149036
0.00026842349211619876
0.00024694944522707374
0.0002317080627562973
0.00021466165435413131
0.00019756992742259172
0.00017987959336096537
0.00016250750286417315
0.0001463344442527159
0.0001294312532991171
0.00011693984265548352
0.00010078167633764679
9.355329302707105e-05
7.775753124406037e-05
6.88986672230385e-05
6.047919646334776e-05
5.2347381597428466e-05
4.6424763240793254e-05
4.161529341217829e-05
2.8806797445213306e-05
2.6075527330249315e-05
2.172658969357144e-05
1.902162625810888e-05
1.675346470619843e-05
1.4331872307593585e-05
1.3301088529260596e-05
1.1067925925090094e-05
9.862348861133796e-06
8.893233598428196e-06
7.843448656785768e-06
7.158689641073579e-06
6.454264394051279e-06
5.884532129130093e-06
5.51769358025922e-06
5.019660875404952e-06
4.728687827082467e-06
4.448603476703283e-06
4.207907068121131e-06
4.0452480334352e-06
3.923637905245414e-06
3.58733495886554e-06
3.5242112517153146e-06
3.423010412006988e-06
3.3640428682701895e-06
3.3145895486086374e-06
3.2643345093674725e-06
3.232812105125049e-06
3.198211970811826e-06
3.1730473892821465e-06
3.1550732728646835e-06
3.132859092147555e-06
3.1193023914966034e-06
3.1060360470291926e-06
3.09481060867256e-06
3.0883459203323582e-06
3.078231202380266e-06
3.0723808777111117e-06
3.0670883006678196e-06
3.0621142741438234e-06
3.0588296340283705e-06
3.0562041501980275e-06
3.0493572467094054e-06
3.047729251193232e-06
3.0455205433099763e-06
3.0441531180258607e-06
3.042671778530348e-06
3.0414435059356038e-06
3.0403721211769152e-06
3.03921774502669e-06
3.038486283912789e-06
3.037348506040871e-06
3.0366165901796194e-06
3.0358969524968415e-06
3.0343251182785025e-06
3.0334997518366436e-06
3.0328553748404374e-06
3.0319715733639896e-06
3.0313005936477566e-06
3.0303426683531143e-06
3.029597110071336e-06
3.0285402772278758e-06
3.027656021004077e-06
3.026470039912965e-06
3.025345449714223e-06
3.0239843908930197e-06
3.0224421152524883e-06
3.020809117515455e-06
3.018608822458191e-06
3.0145206437737215e-06
3.0120104383968282e-06
3.0091296139289625e-06
3.0027201773918932e-06
2.9988211736053927e-06
2.995687054863083e-06
2.9852099032723345e-06
2.9793070552841527e-06
2.972474248963408e-06
2.96520101983333e-06
2.9538282433350105e-06
2.9356990580708953e-06
2.9238080969662406e-06
2.9058421660010936e-06
2.876116241168347e-06
2.8573313102242537e-06
2.827121988957515e-06
2.7818421131087234e-06
2.751649390120292e-06
2.7061416858487064e-06
2.6318880372855347e-06
2.586290520412149e-06
2.52186464422266e-06
2.414427171970601e-06
2.346234850847395e-06
2.2993847323959926e-06
2.116376208505244e-06
2.0300212781876326e-06
1.935607315317611e-06
1.8459777493262663e-06
1.7417814888176508e-06
1.6455314835184254e-06
1.5329112557083135e-06
1.4375325463333866e-06
1.3182545899326215e-06
1.2347634310572175e-06
1.1101169548055623e-06
1.0242549706163118e-06
9.204175057675457e-07
7.399175956379622e-07
6.599573225685162e-07
5.781030267826281e-07
5.282752226776211e-07
4.468017777981004e-07
3.951158760173712e-07
3.4095364753738977e-07
2.9359239306359086e-07
2.5572740014467854e-07
2.137257979484275e-07
1.8709397409111261e-07
1.548287400510162e-07
1.3269709597807378e-07
1.1256702237005811e-07
9.31640897761099e-08
8.023971531656571e-08
6.563777787960134e-08
5.513902578968555e-08
4.6898094296921045e-08
3.7987774703651667e-08
3.250374902563635e-08
2.662864062585868e-08
2.2234871721593663e-08
1.9153048924636096e-08
1.568719198985491e-08
1.0210669643129222e-08
8.811639418127015e-09
7.044491212582216e-09
5.962874638498761e-09
4.964476829627529e-09
4.0627128328196704e-09
3.4858658182201907e-09
2.8196609491715208e-09
2.370143192820251e-09
2.0229435904184356e-09
1.630496626603417e-09
1.3858425518264994e-09
1.1432348401285708e-09
9.431460057385266e-10
8.308234100695699e-10
6.605205271625891e-10
5.318270268617198e-10
4.4929038267582655e-10
3.80168785341084e-10
3.0877345125190914e-10
2.6352608983870596e-10
2.1736923372372985e-10
1.8053469830192626e-10
1.5711520973127335e-10
1.2437340046744794e-10
1.0686562745831907e-10
8.890310709830374e-11
7.321432349272072e-11
6.320988177321851e-11
