0.25821607500105964
0.27227915633490285
0.1624462448650192
0.11504953726200683
0.10996413510962252
0.11629317203619252
0.4746768522681322
0.08374670953476554
0.08074443957719012
0.045319247514959256
0.04776005576469856
0.03519060527529813
0.03459220581593642
0.24900398262275797
0.055628603686782685
0.19485881002115074
0.09314005036987459
0.20063248680433998
0.031012163546190564
0.297634074088211
0.042628241615317836
0.17109112209734098
0.04801646764197545
0.06741589890968075
0.05179959890961889
0.033331382924184215
0.0393397737874373
0.03185526777441155
0.032237898228020326
0.032596893590937426
0.03416011246426498
0.03438570229633865
0.03892392225390941
0.031528898423745254
0.04446036873853418
0.04303843438400832
0.05798212346515748
0.031799579098230536
0.07790570687928526
0.08474242472618732
0.039425228384670885
0.0993146296048353
0.04698602868354718
0.07375908336339966
0.03666969218148015
0.1264443264324086
0.06960286109837725
0.06208445495189453
0.09220463540388661
0.07268404951432607
0.0375791769552984
0.1224403929261233
0.018931825141809477
0.12090266063362787
0.014201103844292094
0.03418854184354176
0.046338626669722764
0.008006004912547993
0.0204505297174505
0.055666665555359415
0.01043009103829371
0.00441122853833316
0.014941189834156482
0.0037839747964518726
0.014776923946239032
0.003779308703915922
0.007822462228558506
0.004782781787979819
0.0038448374095462856
0.009981497518703539
0.00373089246395315
0.005525335861469038
0.004762775687788101
0.00328620256610275
0.007503156250871074
0.003815953875886029
0.0032216417795473524
0.005298875738593583
0.0034095464180107925
0.0031895706664976744
0.0041279699702441745
0.003255049879412404
0.0034045031640156293
0.003445224687658105
0.0031656331249821116
0.0037884260551954824
0.0032823702158698634
0.003166085868993789
0.0034242652997417493
0.003215809079785408
0.0032106968008659823
0.0032795750225658614
0.003226337307203881
0.0033915428443496856
0.0031739566411180587
0.003432833895602457
0.0032742666427545966
0.0031949998100910893
0.003363605436837234
0.003210364675167646
0.0035009739711548034
0.0032440427361410435
0.003224758633369121
0.0032993540002255422
0.0032528574934690916
0.0033696058647044317
0.003297584223373488
0.003491595350376744
0.0033718675765025195
0.0037143135472037887
0.0035026695685456844
0.003182013507202989
0.005461507072375888
0.0033019010731373333
0.00533736852510548
0.0031498045493130538
0.006411775391642614
0.003343740911456974
0.00630779092540063
0.00312714093307702
0.007602533726723419
0.0033863045072774762
0.003952438129826715
0.003552229480928188
0.004358804598907559
0.0037757370396119335
0.005031163762538648
0.004145451242017036
0.006122741375532385
0.00477369095609012
0.003217538736523861
0.0056660786223909285
0.0034460628658161603
0.006775459109692032
0.003929174517406253
0.008478453926179791
0.004829352310793916
0.004004309504036261
0.006099918453727323
0.00460569930695727
0.007774597259025797
0.00559472821366899
0.003133133224614
0.007037594863379063
0.003812596647239341
0.003219073744459374
0.004771758704716185
0.0036594588760858896
0.0060413691596539285
0.004376553231361231
0.002306003193457633
0.005435196965700614
0.0028594038379811705
0.002433146735926911
0.0036459590598472975
0.0027926559702653817
0.001504649497810172
0.003347704710845817
0.0017774350187099732
0.004125878708270829
0.00222777045582003
0.0018474056979739637
0.002838026257887505
0.0021255814156000198
0.0012788687061838218
0.0025314032362362122
0.0014926981520175114
0.0013347133523006866
0.0017946868960107558
0.0014617783328513103
0.0010786282297168919
0.0016517893712466895
0.0011638902143380114
0.001115434266184978
0.0012897276006145824
0.0011655357819559998
0.0010221430823769459
0.0012403815799020264
0.0010520928292574582
0.0010424488420001275
0.0010951169189817333
0.0010599114527377156
0.0011552155116008296
0.0010842652681640654
0.001025036180966777
0.0011186576906424303
0.0010389186771224657
0.0010315261564699202
0.0010566857301299664
0.001038438019900062
0.0010784065856715966
0.0010471544789236909
0.0010277597537481646
0.0011993486493096733
0.0010361691465180642
0.0010638680661929024
0.0010408036813095822
0.0010760753246545516
0.0010453059691755444
0.0010919266202536486
0.0010506234536370072
0.0011122566652224887
0.001057243894807457
0.0011390682910430664
0.0010659329073043622
0.0011754415584357472
0.0010779195059068395
0.001048218310160876
0.0013484448076979746
0.0010503019646930065
0.0014669372652610915
0.0010607560372031077
0.0011590018050136777
0.0010706048943044395
0.0011812818098099406
0.0010750451176870118
0.001205116397457964
0.0010765370678464286
0.0019523081660201994
0.001372517974155293
0.0011526316561558383
0.0014767108877684803
0.001171441733077453
0.001529061493433867
0.001190616218801361
0.001568023011235908
0.001206313732223919
0.0015781340985487659
0.0012131963466704664
0.0032549911728857093
0.002006043518345041
0.001224400303276258
0.0022518451409998044
0.0012651489892942266
0.0025549016627818655
0.001346034171957734
0.002958967405395753
0.0014925211159528445
0.0034917697007953302
0.0017330742786399113
0.0014715220623168657
0.001923154324477522
0.0015214604079308571
0.0019175668131958218
0.001580615826743278
0.001966728844775064
0.0016531552957946317
0.002111581548635641
0.0017435452163260862
0.0023686332049276597
0.0018604167067856046
0.0005960441120628326
0.0020635611600907976
0.0007080740291630545
0.0009271788656039214
0.002432923839834179
0.0004388781073301987
0.001708044592164335
0.0005951478570576183
0.0007163494308204929
0.0007321740845436947
0.0007305788278451565
0.00085657135549069
0.0007562301555879984
0.00018821506217627843
0.0008098326301205302
0.00023767055837524716
0.000358679311475753
0.0002973985331612522
0.0003579673935076821
0.00035717668357070575
0.00036290601831492203
8.912690030627045e-05
0.0003797716619159436
0.00010328595497290015
0.00018081277278236545
0.0003853762548686302
7.72613494559575e-05
0.00027592516682331926
9.269757644569082e-05
0.00012707331852687478
0.00011157013148794167
0.00012670916340585227
5.877093582644128e-05
0.00012942310947446938
5.9617133877876845e-05
0.00013521845438657128
6.309717065597036e-05
7.710728395985676e-05
6.850581045075648e-05
7.652412877312452e-05
7.529355699303606e-05
7.684215404037447e-05
5.624601988196736e-05
7.809860925059798e-05
5.6820377346183564e-05
6.072256803555835e-05
7.771460089625748e-05
5.6121348331200215e-05
6.719954975674583e-05
5.659277918675354e-05
5.7757968265545274e-05
5.7197044760831104e-05
5.761854073912665e-05
5.786741946961856e-05
5.755479003297862e-05
5.867801803601131e-05
5.756016829331662e-05
5.5850373882942044e-05
6.422591264728532e-05
5.7657014936446726e-05
5.6594600629236655e-05
5.822273875045822e-05
5.655878184685419e-05
5.8628618812953755e-05
5.6529160283076695e-05
5.900942293060551e-05
5.649475157093205e-05
5.933381994333898e-05
5.644519884672244e-05
5.9548066583370083e-05
5.636515049695363e-05
5.955965587868958e-05
5.623057090856336e-05
7.322287497991045e-05
5.926765208142024e-05
5.752589275409401e-05
7.810013713494411e-05
6.446626588056899e-05
5.694603831133131e-05
9.69761413294671e-05
6.555229811450446e-05
6.045249514614953e-05
6.614603700933443e-05
5.993291329493012e-05
0.00010476912528382944
7.522351832571176e-05
5.866810279787417e-05
0.00013428215245121439
7.687644450582158e-05
6.446821418612742e-05
0.00015190744529316804
9.51168344465746e-05
6.388796347104957e-05
0.00019841901642877566
0.00010298906542472836
7.30495501724248e-05
0.00023642641387592098
0.00013415809892868927
7.962679714644538e-05
0.00032326755667379687
9.304756197671324e-05
0.0001761729926886318
9.997072529833752e-05
0.00018410621401697067
0.0001023353528655738
0.00019478081307801697
0.00010603689564550761
0.00020877772223559744
0.00011207179226583183
0.00022731893727297853
0.00012134896234263233
7.394990041479248e-05
0.0003106852334797161
7.830196988710647e-05
0.00017366968851901984
9.046472253830063e-05
0.00019416192726113334
0.00010192778798538381
6.292284987388342e-05
0.00011208919666194329
6.577217899575648e-05
0.00011931419872914655
6.992489492846487e-05
3.408443041061676e-05
7.674190648695484e-05
3.760257369985465e-05
8.689938344090314e-05
4.3641701616345e-05
2.9404193575145156e-05
4.9898520440704044e-05
3.125084261987964e-05
5.606522721235806e-05
3.3682629089323705e-05
1.634403008894607e-05
3.742911081943798e-05
1.8946965207525014e-05
1.289813532303262e-05
5.493457740709674e-05
1.2619356759286476e-05
2.797587096512686e-05
1.4953353463044445e-05
9.040051005300157e-06
1.720075474206011e-05
9.863913444669545e-06
5.2529732271216745e-06
1.109631743681987e-05
5.963431413942747e-06
1.2782073321944445e-05
6.920123425991856e-06
4.127528970401412e-06
7.944550758681737e-06
4.520300128543326e-06
8.998495273199588e-06
2.190473469168742e-06
4.488461114025323e-06
2.5195434961982476e-06
5.2111751388677094e-06
2.8934842122944585e-06
1.6779668416384265e-06
3.30193913483182e-06
1.8477417436614229e-06
3.729797599666317e-06
2.056469792446115e-06
1.1611920061091692e-06
2.339000883414921e-06
1.3215117025791624e-06
7.562346935619911e-07
