84.36072200953289
83.96457844027765
84.07243905441474
83.95868643633013
83.82160131601256
82.38454006725493
61.044664223414735
61.0498765111532
60.31958483224396
60.17765142567518
60.14598141578149
60.1143044474617
60.08256187819723
57.000109756145974
59.03676574058301
57.14137072627964
58.01195955198288
55.95366003067095
56.13042109933867
48.915959542635605
48.074435409185796
37.800098310571556
32.65837601402349
30.80305688419229
31.38254014786296
30.540264021122542
30.292785766109215
29.932731131043067
29.948382571895472
29.698884601773084
29.806338283358482
29.491477909719663
29.739465341286056
29.496951103794903
29.525706850332494
28.90445710297526
29.43742234481623
28.89061553650037
28.88032290641717
27.280602004519285
27.97071749642088
25.908586768575926
26.8426817704753
25.080639151562988
25.535923448027493
22.04334494949018
23.457456285757036
21.28017356860695
21.299143029657706
18.61992152407702
18.846339372909636
15.160599088393907
16.069933143315236
6.539422642404028
8.539100914200874
7.2711554347471345
7.210627226110288
6.291410054440454
5.574007481728789
4.797499783602433
3.9758101713018816
3.746612564110821
3.353518371621537
3.4415267170736623
3.103820667884791
3.21612381696045
3.0547549859648786
3.0528174633356264
2.9724403035674865
2.7367618477994746
2.801111076660693
2.7226099218574427
2.7380337794205833
2.6954183942288616
2.5901409593142675
2.63068616222054
2.6088617583459044
2.551943232418632
2.571844406076049
2.560486230079094
2.5285431589826266
2.5383526879423663
2.526399091151385
2.5297178040436927
2.5226635445754417
2.5048493716479925
2.5123898835183405
2.5083541612051365
2.4969444570124684
2.5008274898131253
2.4960518239395655
2.4970154729134104
2.491469403911894
2.4936960420886503
2.4902706112084574
2.4813633639969472
2.4853971065089975
2.4810275790913265
2.4823552351558456
2.4771102601802144
2.4792663066726037
2.4728886759231568
2.4745218029637472
2.468404687836332
2.4704775606032827
2.463158629094712
2.465579321932122
2.4567833752125807
2.459729383358344
2.4491455201942385
2.452967798057286
2.446166984546597
2.444653843666423
2.4356329037167948
2.412902240365424
2.4153057115697254
2.4090936004432972
2.3976999304661333
2.368252520287335
2.3697037132526315
2.3589455793164116
2.344120808310546
2.323344300391177
2.321338424486025
2.2959628034972743
2.292201972883375
2.260218115893142
2.2550224535063745
2.2164991823756908
2.2107383028820533
2.185647685482615
2.159570193560097
2.1286488796339498
2.095775424330507
2.05810038990004
2.023251481369168
1.9788174425050047
1.9579056420379326
1.8947071803363007
1.8728444838620575
1.8049766394478701
1.783163362858305
1.7428370795237418
1.6951177753416424
1.6518693208495345
1.6259107680589064
1.5610412069024229
1.535735056184679
1.4722554479349037
1.449344956874091
1.4158235129009473
1.3731575778832543
1.3406090474457883
1.3205735807947714
1.2747282738056822
1.2581464577002515
1.2361902915885328
1.2055524067916514
1.1856897144529417
1.1626282158501553
1.1441119808595501
1.1342948877444303
1.111023352564818
1.103876084644783
1.092977604627858
1.08004071657921
1.0701971613531966
1.064993833800868
1.052065474180192
1.0483754955817473
1.0425261270509574
1.0352677370154595
1.0300431096782157
1.0272012390776013
1.0200030278118066
1.0179718637264246
1.0147746157674435
1.010563410861054
1.007713711891712
1.006051986092214
1.001906100629116
1.0006522066262848
0.9970677906833214
0.996179095787761
0.99454293895831
0.9924862386493288
0.9909744868622576
0.9901378839298567
0.9879101968967646
0.9872271076701025
0.9851724184377867
0.9846306550048232
0.9836583393777366
0.9810245831496077
0.9803722195811975
0.9788187288160978
0.9783863063882609
0.9768826890538199
0.9764737569794539
0.9749570414255576
0.9745727413944816
0.9730291636603363
0.9726691239241528
0.9710866681336981
0.9707528458167665
0.9691218912067249
0.9688194510933951
0.9679238109662661
0.9657936001500511
0.9649830940216572
0.961428578495844
0.9611579692700216
0.9597475203486526
0.9584596671051109
0.9568134927775256
0.9552467509306029
0.9530255908447872
0.9510571293971419
0.9451288105083916
0.9418429531194618
0.9397831083058706
0.9345261190025859
0.9320297733322847
0.925546987056928
0.9222316753863992
0.9141324563293721
0.9096377036961572
0.8992232545267774
0.892921450105693
0.8666893506501531
0.8562795993661853
0.8467599871772125
0.8275697760952683
0.8168749186389127
0.7927765133090391
0.7804914265122552
0.7518862651998518
0.7385731978560881
0.7067479253554054
0.6931395150170067
0.6739413066909471
0.6446818532554331
0.622327737336412
0.5899407223176083
0.5643944419567322
0.5313073396429373
0.5035057489706034
0.47275675628396135
0.44370827607569024
0.41811462385428755
0.38835966374184255
0.3761252293454736
0.3389634830843822
0.32971644202087197
0.3105134747126521
0.2694802173804064
0.2518826748377938
0.22543552177403883
0.2213816300243004
0.20823324918563077
0.1965492434859705
0.18427952201572223
0.1765885136566557
0.16521620046620455
0.16218069440229851
0.15049255530120906
0.1488069784931025
0.14344418404279244
0.13856038289826172
0.13395210486765685
0.13090195799258628
0.12694423146575032
0.12587890943944688
0.12187131540509813
0.121315559348328
0.11960739496164151
0.11680586231859288
0.11556656433273496
0.11396155897998243
0.11385410492548353
0.11314794663183281
0.11263283265446537
0.11204900580120392
0.11187732304368934
0.1112622297576836
0.1111682121859811
0.11069345776847007
0.11065335028867536
0.11044764924611915
0.110276494753496
0.11010488343775067
0.10999746537429672
0.10984962131343312
0.10981299943778855
0.10965717047062422
0.1096367903468009
0.10956893945344605
0.10943870092150068
0.10939271802715844
0.10931323401653519
0.10930465064900365
0.10926874186825135
0.10923242181150727
0.10919970895877061
0.109169307453179
0.10913890258534019
0.10911356404328623
0.10908490012774652
0.10907376692923215
0.10900006481320668
0.10899787714054589
0.1089752588496736
0.108953790002539
0.10893141654891213
0.10890942219314408
0.10888657856678492
0.1088632703457146
0.1088394967464409
0.10881368966858539
0.10878835519035719
0.10875827566909765
0.10873035838396011
0.10869294368888996
0.10866039605119093
0.10856095127722092
0.10851001027699503
0.10847820528809315
0.10830734774806657
0.10827315172146626
0.10820695666263816
0.10800115314380405
0.10790325701484936
0.1078338106143578
0.10765895722361904
0.10756897581574436
0.10709696244525141
0.10696896802107417
0.10677921785276555
0.1060922703838553
0.10580220624237088
0.10554047480731771
0.10435157397374804
0.10400005551368863
0.10351816481935729
0.10172941154803744
0.10100281437009562
0.10033897798214936
0.0974037889740118
0.09657485174010817
0.09545154263500258
0.09155382703450962
0.0906214107485188
0.08785490781001004
0.08659568784157305
0.08356026915012059
0.08209258886713341
0.07858291530740093
0.07693768064354176
0.07300271891992915
0.07123295305022939
0.06700421344295891
0.06518881278034995
0.06288747429172055
0.055122013962248646
0.05340522131495689
0.048798387817940145
0.04700423442527397
0.04269488671849613
0.041044236057056954
0.03888032492321881
0.035484560397046394
0.03337469867716998
0.03027933421960858
0.02827310644382721
0.026874921717248992
0.02374903569307939
0.022558155905109675
0.01973722460219369
0.01876389174764001
0.017476623622036502
0.01554070538901475
0.014392422460913034
0.012835718758971172
0.011813800315669008
0.01116316208483163
0.009690383116678736
0.00917701377718599
0.008529260723329813
0.006613034556040931
0.006211132967648919
0.005376850987164491
0.005096009410833149
0.0047229028744235095
0.004185844383096581
0.003859580055690725
0.0036386399509611912
0.003156491370256317
0.002983399409453946
0.0025829022442763537
0.002447453774198625
0.0022689209823447977
0.0020097530942366805
0.0018541299347046374
0.001654416997390505
0.0015776319968163388
0.0013696920721251837
0.0012937634678613272
0.0011218790529929426
0.0010625236460304758
0.0009863618900308616
0.0008737897069836917
0.0008076028810951063
0.0007207360651506197
0.0006622368089855577
0.0006258567683640016
0.0005444272105631356
0.0005159704954087756
0.000480208507932458
