11.510571956634521
17.31499195098877
23.45811939239502
29.725777626037598
35.91829466819763
42.13702630996704
48.3614399433136
54.58022904396057
60.78529906272888
67.18257927894592
73.29654264450073
79.50916147232056
85.74326610565186
94.10928511619568
102.47418403625488
110.84510779380798
119.22391724586487
125.49854898452759
131.72775602340698
137.97328281402588
146.36767077445984
152.61777877807617
161.05209827423096
171.6603684425354
182.17720890045166
195.29200172424316
203.6241307258606
216.26213240623474
226.63003659248352
237.13084959983826
247.68301796913147
258.2047395706177
268.78689765930176
281.89985823631287
288.1981608867645
298.71150636672974
309.3494281768799
322.0231511592865
328.24591183662415
338.90988969802856
351.623428106308
359.9670503139496
372.5786979198456
383.0950310230255
395.5937969684601
403.8100664615631
416.37913942337036
429.31815481185913
439.90632677078247
452.6484479904175
465.3632447719574
475.9195477962494
490.83665108680725
496.95883536338806
511.67805910110474
526.3467118740082
536.7576851844788
553.691107749939
568.3707702159882
576.654860496521
593.4112219810486
610.218492269516
622.7321591377258
637.345894575119
649.859044790268
664.8087418079376
679.5817129611969
692.2456231117249
709.0666768550873
719.4411034584045
734.0337784290314
748.6164605617523
760.9857676029205
777.7155034542084
788.5552661418915
803.0307102203369
819.6768090724945
829.9621691703796
844.5210738182068
861.1226761341095
871.4552974700928
886.0069499015808
900.6269857883453
913.304456949234
930.0282921791077
940.3299994468689
954.9184467792511
971.6865336894989
982.0865108966827
996.6150369644165
1011.1632843017578
1023.8791131973267
1038.443965435028
1050.8266937732697
1067.3803317546844
1077.6188020706177
1092.1769020557404
1106.685664653778
1119.1048772335052
1133.6860978603363
1146.5711207389832
1161.0211036205292
1175.436181306839
1187.7992162704468
1202.282247543335
1214.6679089069366
1229.3015751838684
1241.7950069904327
1256.3462777137756
1269.1590027809143
1283.70383644104
1298.1747317314148
1308.4923858642578
1325.38725399971
1335.7475476264954
1352.487863779068
1362.8483514785767
1379.7714302539825
1390.7442572116852
1407.6188066005707
1418.0235731601715
1434.7117011547089
1447.1672549247742
1461.6582736968994
1474.037547826767
1488.497127532959
1500.9255328178406
1515.5183737277985
1528.018589258194
1542.653373003006
1557.2373359203339
1569.785605430603
1584.412431716919
1596.8679463863373
1611.597106218338
1624.3282973766327
1638.9298739433289
1653.5689249038696
1666.1291868686676
1680.925169467926
1693.657113790512
1708.216332435608
1722.765578508377
1735.2861549854279
1750.2458539009094
1765.4564986228943
1777.9267604351044
1792.6001307964325
1805.0128393173218
1819.5730555057526
1834.2780222892761
1846.8168280124664
1861.5796871185303
1876.7879965305328
1889.349770784378
1904.0819680690765
1918.7208738327026
1931.262998342514
1945.9687480926514
1958.3451812267303
1973.0031805038452
1988.1512236595154
2000.5787341594696
2015.2434148788452
2029.7349529266357
2042.2308564186096
2056.923699617386
2071.5241026878357
2084.048527956009
2098.7113993167877
2113.5465471744537
2126.062661886215
2140.6819939613342
2155.245909690857
2167.82878780365
2182.481155872345
2197.219619512558
2209.8236985206604
2224.791200876236
2239.45889377594
2252.0090112686157
2266.723822593689
2279.221318244934
2293.9765255451202
2308.7342138290405
2321.2669456005096
2335.939813375473
2351.042533636093
2363.6303248405457
2378.2238421440125
2390.6758320331573
2405.368195295334
2419.9277606010437
2430.280161380768
2447.128819704056
2459.7048482894897
2474.7021939754486
2487.199092388153
2501.8598775863647
2514.4535262584686
2529.076291322708
2541.557181596756
2556.1249639987946
2568.5834271907806
2583.4447362422943
2595.881979227066
2610.459573984146
2625.041643857956
2635.3947319984436
2652.0810058116913
2662.4910056591034
2679.156475543976
2691.6108882427216
2706.459823846817
2718.811155796051
2733.400142431259
2745.8476462364197
2760.4460649490356
2770.804029226303
2785.4233434200287
2800.0586104393005
2812.6735355854034
2827.3622777462006
2839.8030014038086
2854.337732076645
2866.831959962845
2881.4539778232574
2893.9515800476074
2908.5224397182465
2918.917547941208
2933.496686220169
2948.3855895996094
2960.88725066185
2975.4752867221832
2987.8791744709015
3002.332879781723
3014.759519338608
3029.179434299469
3041.5667548179626
3055.992102622986
3071.026624917984
3086.5397057533264
3101.4480051994324
3114.187100172043
3129.2626011371613
3142.2840757369995
3157.434196949005
3170.2886595726013
3185.6534852981567
3198.411645889282
3213.525443315506
3228.7213847637177
3241.4964547157288
3256.523011445999
3271.5881838798523
3282.2160737514496
3299.3719704151154
3312.478381872177
3327.3182497024536
3342.292797088623
3355.3095519542694
3370.490970134735
3383.4957020282745
3398.8383781909943
3413.9689877033234
3427.171772956848
3442.2178180217743
3457.3994011878967
3470.3192110061646
3485.4128184318542
3498.251993894577
3513.222805738449
3528.2355148792267
3541.1371619701385
3556.3155121803284
3571.3908994197845
3582.1462767124176
3599.665178537369
3612.4346466064453
3627.4998722076416
3642.5806124210358
3655.5235509872437
3671.057644844055
3685.978307247162
3698.64474773407
3713.444875717163
3726.20508313179
3741.0896048545837
3755.9382655620575
3768.6063215732574
3783.977208852768
3796.8416242599487
3811.7343509197235
3826.5610008239746
3839.2713034152985
3854.089089870453
3868.8313376903534
3879.33206987381
3896.333920478821
3909.2914543151855
3924.1178851127625
3939.0559360980988
3951.733960866928
3966.5310311317444
3979.1774690151215
3994.0149714946747
4006.5914754867554
4021.3398785591125
4036.3464674949646
4046.7532782554626
4061.5255811214447
4076.310898065567
4088.95672750473
4103.860312461853
4116.623717784882
4131.60715508461
4144.59335064888
4159.498516559601
4172.1420023441315
4186.984146118164
4200.146121263504
4214.943655490875
4227.566980838776
4242.454135894775
4252.920691013336
4268.09640955925
4282.96830534935
4293.479293107986
4308.365311384201
4323.2836310863495
4333.908095121384
4348.828663825989
4363.582179546356
4376.287664175034
4391.509650945663
4402.075089454651
4416.978428602219
4431.789790630341
4442.29021692276
4457.179600715637
4471.98583984375
4482.555912733078
4497.379229545593
4512.587623596191
4523.036532878876
4537.827299833298
4552.634483575821
4563.185882329941
4578.06542468071
4592.984386920929
4603.504536390305
4620.562842130661
4633.665442228317
4648.454798936844
4661.110047578812
4675.868771791458
4688.607389688492
4703.408031702042
4716.054216146469
4730.915883302689
4743.795052051544
4758.552774190903
4773.300901651382
4783.741112232208
4800.756539344788
4813.455016374588
4828.182528972626
4840.847007513046
4855.5972764492035
4870.908368587494
4883.468081951141
4898.487693309784
4911.19958114624
4926.092742204666
4941.122088432312
4953.854069709778
4968.889274597168
4981.704470157623
4996.964196443558
5011.9634919166565
5024.711491346359
5039.486491680145
5052.133218765259
5066.946524143219
5081.783189296722
5094.432765722275
5109.423103570938
5124.445625066757
5134.983554840088
5152.077584028244
5164.86976480484
5179.774600744247
5194.679463863373
5207.446516990662
5222.451442956924
5237.580243349075
5250.260447740555
5265.035362958908
5277.645672559738
5292.522296667099
5307.315943956375
5319.994240522385
5334.740426301956
5347.799639225006
5364.922018527985
5377.5231320858
5392.310847520828
5405.7325620651245
5420.428318500519
5435.237311601639
5447.890339851379
5462.886103153229
5475.862112760544
5490.708863735199
5505.509116649628
5518.148458242416
5532.937905550003
5547.75386929512
