35.74192659065511
8.073207737938219
3.962363196399565
3.9457731467098256
3.897175537293151
3.7573780651496236
2.655949943656424
0.38318435638575465
0.37653742953284564
0.374848124180744
0.3744773475807506
0.373472952472639
0.3694387918042139
0.36495788121010264
0.36439689048688706
0.35193960720721407
0.3446671081248951
0.23167697232656792
0.21100995840356518
0.18951769640784732
0.15720403088948842
0.15720403088948842
0.09945675188646419
0.06970910075415304
0.06876326824271928
0.06798308257657482
0.06605057542947179
0.06386335124193465
0.06143485032521312
0.05971171880946713
0.05781881149619039
0.05651742275881588
0.055220010412767806
0.05429417185064267
0.05336971181782246
0.05274837278079758
0.05207913978370016
0.05168367169562771
0.05119824534017425
0.05095743591618884
0.05060937454049963
0.05046697303487235
0.05022285215272859
0.05013912048207203
0.04997243518960204
0.04992175435563695
0.04981071684755989
0.049777701328366675
0.04970490334449096
0.04968075894498725
0.04963426394238013
0.04961411960584883
0.049601388970131666
0.04957610919018407
0.04957540720806719
0.04952548128176204
0.049510875736359594
0.04948101714126096
0.04946152346155941
0.04940430556280262
0.04937303483006872
0.04935762353784412
0.04928990730491023
0.04924588070389291
0.04921679609356033
0.049133030835264435
0.04910748029351453
0.04894118637821521
0.04887523528827842
0.04877163748255953
0.04864534616990568
0.04845552008373488
0.04835697580551823
0.04800564988363476
0.04783591077443816
0.04777881517588867
0.04736994953054818
0.04714935101833362
0.04705858594024903
0.046559547248307354
0.04626725494176753
0.046108321187602996
0.04551429811294838
0.045115452819572965
0.044848884650946275
0.04413468176062452
0.043895214618487444
0.04253092055955676
0.042017688736223135
0.04121758281439725
0.040365227494703504
0.038984240685977056
0.03881626111433434
0.0363483229416488
0.035696217638360395
0.034388149131473256
0.03382523078334998
0.03154833226540177
0.030756159754446344
0.02955932446980114
0.028582342347817757
0.026701776654817877
0.025857234810246155
0.025653161764694232
0.02397086513838076
0.0233322244619103
0.022467399225888585
0.021907858474605746
0.020614280455674816
0.02023309960827646
0.019625078630951975
0.019479499657791166
0.018548610750258376
0.018406028476420033
0.0180125766933088
0.017824176599106067
0.01778913181601638
0.01746584411512231
0.017364963030786384
0.017225404036707914
0.017169785678106564
0.016979950565882973
0.01694605034754204
0.01687304788356414
0.016834505936685673
0.016821723296061464
0.016768170217574152
0.01674740371140615
0.016723884820521562
0.016707326852838378
0.016676994104273035
0.01666822821380265
0.016655467665941615
0.01664871061757367
0.0166313032900689
0.016625809924335044
0.016625511221946
0.016611966002756162
0.016607157620455837
0.016605721796850048
0.016595156712355674
0.016589986296366988
0.01658661007900264
0.01657802281988552
0.01657194524591432
0.01655940861678573
0.01655432644110988
0.016536364627199873
0.016534925026462588
0.016508325161112225
0.01649785251947833
0.016491003909095525
0.0164703216446469
0.016455069729317984
0.016424132504880617
0.016404495024289645
0.016360024949108265
0.016337311370989482
0.01627303663121893
0.01625254108489571
0.016158476134933153
0.016155170917500072
0.016014149616239592
0.01595977488545941
0.015925333950235654
0.01581529828354178
0.01573553014668505
0.015574013222476424
0.015462940786619583
0.015241468749081832
0.015091116566054552
0.01479124274123933
0.014592535604606383
0.014192629369745191
0.01394042966080633
0.013417254814839907
0.013118685479184933
0.012449815130821662
0.012137627475340196
0.011303696034246968
0.01105026203504167
0.010034464669843146
0.009953763217936284
0.008736910606558013
0.008327622709430216
0.008065514758300196
0.007417395253241921
0.0069739142597882164
0.006242927678158594
0.005999346356475144
0.005199810475005506
0.004904562634692411
0.00473035405138944
0.00434401251663985
0.004073918742278693
0.0037267609964146686
0.0035848503937359055
0.0033061879689739726
0.003273127156717237
0.003048245088166368
0.002994396887743278
0.002967945086538748
0.0028973569151276024
0.002867131663379041
0.0028112737329593074
0.002792281589108825
0.0027811531988390925
0.002762183718232336
0.0027470156524032063
0.0027333881973845564
0.0027254959052243066
0.002715943133807741
0.002711271901944201
0.002704460278209808
0.002700692545658967
0.0026957763448081096
0.0026947609735543665
0.0026830591937141435
0.0026805262525613216
0.0026782078546148114
0.0026764869717226247
0.002671308764774949
0.002666606774482716
0.002653824955359596
0.002646399621198725
0.002643202304852821
0.002629537675602478
0.002621919451712529
0.0025866013986615144
0.002572977579802682
0.0025470116368069284
0.00251091011182325
0.002452166567536551
0.0024299713927575795
0.002290048976419712
0.0022596642370444897
0.0021555008120230923
0.0020747525989008864
0.002044201430408066
0.0019134781268803636
0.0018410095633498713
0.0015314565300741378
0.0014327551646147185
0.0012685736801358871
0.001093592459028514
0.0008148297547450056
0.000708318874330871
0.0005799691346055624
0.0005002315733690921
0.0002905099786403298
0.00026082208773914317
0.0002430081208331103
0.00020776289738932974
0.00018159774162995745
0.00015948315967762028
0.00014630503596890776
0.00013186650744501094
0.0001264948273274058
0.00011717199754457397
0.00011560554617062735
0.00010963610066028195
0.00010814100960487849
0.00010728647794167046
0.00010584926781120885
0.0001046930246957345
0.00010387246106802195
0.00010331807402508275
0.00010285979919899546
0.00010258562065246224
0.00010232317094960308
0.0001021702214529796
0.00010201651934949041
0.00010190940406573645
0.00010181655738961126
0.00010173580017180939
0.0001015619789086486
0.0001015334544263169
0.00010142968653781281
0.00010140353015231085
0.00010118451928065042
0.00010112216432389687
0.00010098846564687847
0.00010078571176563855
0.00010052400011772988
0.00010009213701778208
9.960082570614759e-05
9.92635775673989e-05
9.627616782381665e-05
9.620122068554338e-05
9.41657517614658e-05
9.307846016781696e-05
9.275761863136722e-05
9.040261079462653e-05
8.899023964659136e-05
8.38748489968566e-05
8.110134649541578e-05
7.396186356345424e-05
6.841063941465109e-05
5.967577703813731e-05
5.5771389952496975e-05
2.7540671226233826e-05
2.573277106421301e-05
1.9223157551095937e-05
1.6062329450505786e-05
1.269088352273684e-05
9.247114348909236e-06
4.694140216088272e-06
4.540522240858991e-06
2.5958913738577394e-06
2.166402509828913e-06
1.9331748717377195e-06
1.428150198989897e-06
1.2202290236018598e-06
7.809076123521663e-07
6.523027877847198e-07
6.072468750062399e-07
4.195367182546761e-07
3.792204097408103e-07
2.257886535517173e-07
1.894643446576083e-07
1.7347224456898402e-07
1.2655027603614144e-07
1.0541521078266669e-07
9.367886377731338e-08
7.487187758670188e-08
6.206755642779171e-08
4.7358298616018146e-08
4.555636223813053e-08
3.363288669788744e-08
3.1295257940655574e-08
2.8683189157163724e-08
2.6043835532618687e-08
2.4079554350464605e-08
2.3386746761389077e-08
2.1795131033286452e-08
2.137699084414635e-08
2.0990455595892854e-08
2.079946170852054e-08
1.9853132471325807e-08
1.975627128558699e-08
1.968032847798895e-08
1.960211193363648e-08
1.957050699274987e-08
1.955231709871441e-08
1.9521849026205018e-08
1.9499793779687025e-08
1.9475010049063712e-08
1.9468188838800415e-08
1.944681571330875e-08
1.9439994503045455e-08
1.9436356524238363e-08
1.9427488950896077e-08
1.9419530872255564e-08
1.941225491464138e-08
1.940588845172897e-08
1.938769855769351e-08
1.9380877347430214e-08
1.937496563186869e-08
1.9373146642465144e-08
1.9359276848263107e-08
1.9349499780219048e-08
1.9345861801411957e-08
1.9326080291648395e-08
1.9311983123770915e-08
1.9290837371954694e-08
1.9249227989348583e-08
1.919761416502297e-08
1.9128265194012783e-08
1.9007984519703314e-08
1.8975242710439488e-08
1.8671926227398217e-08
1.8615537555888295e-08
1.837747731769923e-08
1.8202626961283386e-08
1.8135096979676746e-08
1.780676939233672e-08
1.7546426533954218e-08
1.721582520985976e-08
1.6636477084830403e-08
1.5743125914013945e-08
1.527996573713608e-08
1.4363422451424412e-08
1.3634689821628854e-08
1.269881977350451e-08
1.162948137789499e-08
1.065791366272606e-08
9.77365743892733e-09
6.854634193587117e-09
6.29347596259322e-09
5.413312464952469e-09
4.521098162513226e-09
3.6923211155226454e-09
3.198010745109059e-09
2.32012098422274e-09
1.9717845134437084e-09
1.8003447621595114e-09
1.356056600343436e-09
1.1327756510581821e-09
7.54425855120644e-10
7.039488991722465e-10
4.090452421223745e-10
3.424247552175075e-10
2.764863893389702e-10
1.9463186617940664e-10
1.4347278920467943e-10
1.134594640461728e-10
7.389644451905042e-11
6.070877134334296e-11
5.3660187404602766e-11
3.956301952712238e-11
