3.0523719607664157
1.6904924415555604
0.12385860697945016
0.1314157228238578
0.20071332152883825
0.2692604576787268
0.23889975227320134
0.08398673176491589
0.06499168262421111
0.059389166837824095
0.052960630908287135
0.04858727984535428
0.03357303132260077
0.02382525180278108
0.023352569973304333
0.08561022904256402
0.08451355277914344
0.15388024674876097
0.21323037631358685
0.2050153307880348
0.2751213453336907
0.2751213453336907
0.18580065984645108
0.1569885281397612
0.1419834740084053
0.1532735977166918
0.13557611073602613
0.13540192724651048
0.11006807787190034
0.11065311573529296
0.09005365160849871
0.08827442213336617
0.07249560443512047
0.069802527499808
0.05738800195873123
0.05458025956218135
0.044677104648696855
0.04220866930303355
0.03427452461822347
0.032354005420268284
0.026036945350994812
0.024724058410813203
0.019792429524744314
0.01906950268772045
0.015366255368038933
0.015169843384479858
0.01256328786614879
0.012780965199595106
0.011099842353138588
0.011573654845993583
0.01057655017665379
0.0104584374751288
0.01068362757046356
0.010526757608465753
0.011327789594217959
0.010694258373374826
0.010658773087437175
0.010517711676982922
0.01132683788279182
0.010664428261304607
0.01060849058610713
0.012172546627491981
0.010361845661502792
0.01119206561147851
0.011520811912947834
0.010695643064167478
0.013588779775299745
0.011104435251043938
0.011503065230915297
0.01062449620605863
0.013229290078600145
0.01090112109953239
0.01649452567505861
0.01160434091257218
0.01265118980786777
0.01826345108551903
0.010955922122891192
0.014185622082541732
0.0178329739945373
0.011880234479439897
0.013374016295550479
0.020083792384435938
0.01102207672843846
0.014906155193666304
0.019201213560856443
0.011901707657875025
0.028575485174690208
0.014156886699396173
0.018588444952494468
0.01129143969177538
0.026351018803357974
0.012910158400709986
0.038343246410146456
0.016615809837272906
0.023817999099049622
0.012006717682697968
0.03576219848016436
0.015166594904705519
0.021423882208115783
0.010667334611464024
0.03121085666892015
0.013103481828980228
0.01798464138277791
0.031624186058546055
0.011161256007219303
0.019786282956866373
0.0074363738537183205
0.028489559929740362
0.009882878496961182
0.017409930535473975
0.006628247110177643
0.025036177689434367
0.008864574277205713
0.015167395800668235
0.0061127082577704635
0.00955849351725862
0.013607517295226485
0.006631089896614299
0.008371845454040893
0.00531004111570599
0.011312621219985743
0.0059315197358635685
0.0072025537627492765
0.005084046009962635
0.005484310609971253
0.00720907201245028
0.004906499630716161
0.0056235007246995
0.004755398143935836
0.006395534904241001
0.004905199993582825
0.005329473309193803
0.0048136128323068225
0.005794821608706638
0.004903358213160947
0.005130803249162134
0.005534335081549261
0.004930894111537208
0.005052726685762343
0.005410327045373393
0.004917006609991293
0.0050279527440674505
0.005240343152930078
0.004920585130259147
0.0054979061701788574
0.004952883701527264
0.005813084678569895
0.004994460978607158
0.0063001191520463354
0.00505595531667549
0.0052951346625447985
0.005766256188896281
0.005015574879569955
0.006252210730961123
0.005058616717069664
0.006793471197250563
0.0051200066601462995
0.007555947441807256
0.005212734914247413
0.0086541020784416
0.005363890378717225
0.0102670739911247
0.005625167403776686
0.006591147207848573
0.008554060507439109
0.0052872690883580065
0.01009307018984394
0.005409722261525693
0.011417002702145972
0.00557332610726159
0.012940742272893173
0.005780897151335566
0.014668439887972368
0.006038468883271058
0.01659146533945255
0.006352204058620995
0.01870471376438328
0.006730158779206958
0.021020872674798328
0.0071837084308156345
0.023578800856751316
0.007724417078462486
0.02642477352646012
0.008353819189257258
0.01139022233064268
0.01778022147004477
0.005389897445728096
0.019969306377670835
0.005626810607301358
0.021826116325014067
0.005982028097321909
0.009523571311276393
0.012977886288102387
0.004619695870273362
0.013083177203035118
0.00444331126013777
0.012255419582443208
0.004283918231092583
0.011539042034656673
0.00413559263617285
0.004685743183652739
0.006779117456929708
0.0031220091349404367
0.006483941785574428
0.003180847529762949
0.003677954475200557
0.004049315164456362
0.003134367318255723
0.003919208556630164
0.003149793705487163
0.003752569327691622
0.0031621360648962323
0.0036123679569958623
0.0031712970584169874
0.003489245054644684
0.0031778552898856696
0.0041732998382127805
0.0032359554222581625
0.0032855680636970953
0.003373941348740371
0.003541033294803712
0.003209664609820271
0.004193852944173539
0.00323610845886329
0.0037273992413165173
0.004073247644018312
0.0032416545914676896
0.005553044652233714
0.003309324629611652
0.004705255774476679
0.0032279208987400216
0.006421607829184369
0.0032768713495901834
0.009722757258009192
0.0035341582887566613
0.007990829509221958
0.0032462514642333574
0.00645524947843568
0.008179295876153932
0.003242471617997224
0.013598601478198356
0.0035134250215097507
0.008880684168423301
0.0028319874724758564
0.012437905246222488
0.0029786829744838598
0.007537584080861083
0.002263173893213237
0.011171451428675781
0.002560831544533666
0.002701765209182357
0.004387539657700091
0.0009257355255221786
0.003563561252157627
0.0007615053613590879
0.0029764011638707803
0.000651195369439338
0.0024651098580625846
0.0005782194511116749
0.002025049457568825
0.0005295504300314202
0.0007863409028050033
0.0008330399192631818
0.0004947701219117976
0.0007047965813767274
0.0004650190978379065
0.0006053668940872863
0.0004485554306719985
0.0005406592412457496
0.0004396766903607272
0.0004979969827567533
0.00043496602678330556
0.000469775094338012
0.0004324998951193654
0.0005376332241020332
0.00043547061004881255
0.0004908751616495981
0.0004331455796541587
0.0005685789292420925
0.0004357909024911064
0.0005046183913039174
0.0004329118518534728
0.0005710723024269751
0.0004334697502707264
0.0006633194733221065
0.0004337327577731898
0.0014806843837403764
0.0004901571010630191
0.0011802755849632024
0.00045397539958151
0.0009302473361563745
0.0011096511567010997
0.0004827327720028566
0.0016954276635391349
0.0004993860183471124
0.0019531427393343157
0.0005120473589091951
0.002065732081825216
0.0005096591698517617
0.004099776504022739
0.000699449763390285
0.0017151188670902345
0.0005253088049753084
0.0010758151749738483
0.00040026023167609285
0.001514340986015733
0.00042631675544729434
0.0009504740509574017
0.0003486119698432539
0.00024140919178152818
0.0005862340975564082
6.142266468007812e-05
0.0005744896218893317
7.449807691650107e-05
0.00026890517497860664
0.00025243018632259325
0.0001317779158916245
0.00025531572176900957
0.00011090609399514557
6.960659972758402e-05
0.00018522984328857414
1.728325316743703e-05
8.654159191026899e-05
6.606957711705966e-05
4.591156188562201e-05
7.051203291993812e-05
3.839199170225957e-05
7.163572283402957e-05
3.2992251191487985e-05
2.140264596091306e-05
1.8422995744371367e-05
2.3760670337185347e-05
1.5437251636099922e-05
2.5123319998243215e-05
1.3332170039582035e-05
8.306455726955967e-06
8.367637526994283e-06
2.3443641242424647e-05
9.323302266986936e-06
4.50267171284465e-06
8.85998009647469e-06
4.476469582612786e-06
5.6765984316371305e-06
5.160790109397937e-06
4.804674777590085e-06
5.30356510559677e-06
4.690564062499093e-06
5.378405750978008e-06
4.617476391957894e-06
4.532102685997827e-06
4.933980521814753e-06
4.440427068744553e-06
4.840737860519887e-06
4.44192735878344e-06
5.619825191455193e-06
4.5119226669576595e-06
4.576138093417269e-06
4.775346967306891e-06
5.014385987211065e-06
4.486721157306767e-06
4.899935395225112e-06
5.562816478139215e-06
4.463578191371115e-06
5.441683024192097e-06
4.437432802801273e-06
6.851567024272646e-06
4.45883382759592e-06
9.353251529340194e-06
4.557144343238254e-06
1.4427787711781513e-05
5.005337929512672e-06
1.2191217178789505e-05
4.7697474405862836e-06
1.031429443183442e-05
1.2885773575684134e-05
5.374598069305119e-06
1.2188960274137045e-05
4.993619177150262e-06
2.2389667837370077e-05
6.574152943630839e-06
2.1714955206332362e-05
6.185179081566369e-06
2.111888089654156e-05
5.656471198108725e-06
2.0604999001077796e-05
4.987780416787334e-06
4.441914474511031e-05
1.1175031081754792e-05
2.0444109608366104e-05
4.121837387158873e-06
2.1095116070234947e-05
4.143351233697008e-06
2.342554832676141e-05
4.726268533061918e-06
1.0968829612909509e-05
1.2783680934842838e-05
5.130620286003523e-06
1.2847102181120835e-05
4.569234300513367e-06
1.2019839477550479e-05
4.154312489049209e-06
3.910531398639015e-06
2.091883221421093e-06
4.017592203451569e-06
1.8509573242637366e-06
3.986181699373338e-06
1.6639070394483672e-06
1.2892867472369246e-06
3.0156905863594606e-06
3.739763887977462e-07
