75.70295908184995
73.12072633188579
73.58211842639224
73.44057217221896
72.85640654868257
71.37238613689311
62.27563476554086
33.774157855114126
33.772242561254494
33.75357244591308
33.73850663535339
33.72475540142426
33.67512462612323
33.653445435253914
33.631757696876264
32.68865135077767
32.38951346709358
25.650743015655543
23.50442410483363
19.912507419846357
12.024274269364753
12.024274269364753
12.001251907030671
11.969696284677237
11.980060215011196
11.968955695159849
11.97603729865676
11.969533629341647
11.974035244537793
11.967412865886866
11.971127891123581
11.965487839715044
11.968474192932973
11.963412458312535
11.965953340975535
11.961286210513837
11.963528050275603
11.959171469112139
11.961175436878456
11.95710819280057
11.958885631998866
11.955114220374572
11.956657048149882
11.953189446166132
11.954489992473427
11.951321201620948
11.952380776567795
11.949488656679936
11.950317447702119
11.947664288312998
11.94827616743679
11.946991889157538
11.945440676426923
11.943852487141497
11.94175625904564
11.939476316864122
11.938418128390026
11.936429638782645
11.932837234516567
11.930053830268564
11.927736364085435
11.922369314376754
11.921814539352091
11.91626521095944
11.913098095306523
11.908657432376504
11.898399623420238
11.89248952240199
11.886215202453808
11.880317403940143
11.862984205367564
11.854561296056213
11.828559915545267
11.816849999036123
11.800236077102669
11.774947179348395
11.767594544539056
11.740050626498146
11.71859566366326
11.699440757578191
11.670993989054924
11.630563108400104
11.616150882005744
11.570714837691167
11.530266001078289
11.498701915098765
11.393076868119724
11.354659482749149
11.291404586649794
11.249803286236155
11.098775138505154
11.044772018151683
10.848891687931104
10.783116076479516
10.677790644454022
10.610851407021027
10.381147506602765
10.305648651557185
10.183087842663104
10.107421395965138
9.84567822590908
9.762225910065801
9.627409209571516
9.467312917450835
9.415327244100473
9.26767097374535
9.213582799122433
8.944228942585747
8.904448577380501
8.779863465219675
8.737465493148182
8.525115833095162
8.49880230808501
8.40869160155684
8.381067476662238
8.30676944630882
8.254356917565937
8.218197994190463
8.170363011149862
8.142038241425626
8.058068356714411
8.033791646757921
8.00439537368213
7.985768356640006
7.959891055962975
7.930516295177378
7.922639442238955
7.899002904486416
7.891386753312495
7.852762372126976
7.848373859497898
7.832845659448706
7.828216856465012
7.80284097010163
7.800196118710311
7.7895986518348685
7.783425991125775
7.7777345736026104
7.771541689940577
7.76273820213328
7.761111939354635
7.753891045728648
7.749479188687943
7.745273929861474
7.735327339637373
7.73093686801127
7.721543470246054
7.716813626069383
7.708031523724764
7.702804080682108
7.698796225899137
7.690519611460497
7.689594396012793
7.674656085660092
7.673949459293528
7.655690934610572
7.654826735326518
7.632159494941007
7.631084430920459
7.602765650462887
7.601564690774437
7.566523121928063
7.5655374625522
7.544327644418792
7.531950719508929
7.516805821061589
7.478077621495442
7.4592492770957595
7.40493056951136
7.380264112559859
7.305158872921204
7.2728000216400845
7.17012252503935
7.127870876872846
6.990000147411439
6.935485698641127
6.755304305025105
6.686472634665701
6.4600289143106115
6.37595943799758
6.106162492235122
6.00791140695718
5.7071980715484525
5.597953858631992
5.441744542738231
5.237774351793916
5.170285091279657
4.7743774468123545
4.712102083792799
4.295009084453866
4.240619635817313
4.041959014655023
3.8957153200506807
3.7913184640689424
3.4876201490239294
3.3940868219780658
3.1383860178678806
3.0587909643030633
2.864208646574815
2.7997838181047787
2.7296706768585413
2.6429375059212714
2.622806896493145
2.494279001053778
2.4825225476433728
2.4345138299869755
2.4042884956633332
2.3820007020058487
2.3247971819424436
2.307714848180527
2.266740511558776
2.25358419884675
2.2239602293782172
2.213677334469557
2.1914789352669444
2.1832443901048304
2.147692659194698
2.139145801744407
2.1346774303655556
2.1253430914005698
2.12334886714169
2.1174975895480785
2.099429553257551
2.0918103928363085
2.084377679905818
2.0714989497417053
2.0732510698126205
2.0399262583570503
2.045439869113037
2.0229331541689715
2.025453286529653
1.9772802658328643
1.9820513590659776
1.90295983122729
1.9130299603013
1.8537292429373977
1.8573686623270105
1.792098372013341
1.7842703535589877
1.7489035479548052
1.6218982728983669
1.571194390841137
1.490611128728257
1.443647400039666
1.2406403825544596
1.17812799804898
1.070234155390864
1.0177727383989188
0.8088872668900536
0.7542602576120447
0.7257094764096855
0.6737160206615771
0.6693498752864554
0.6034804271957753
0.6013280350886637
0.5556953790113788
0.5551827578024514
0.5257630831005422
0.5261110164095656
0.50772144247746
0.5083821123096351
0.5023838968155504
0.5003093490808098
0.4974253870387757
0.4926021435538508
0.49072298204935383
0.48770423337592916
0.48645970100049096
0.4845074323201674
0.4836574456902313
0.48232898561694915
0.4817293880244219
0.48075637289316736
0.4803166247866166
0.4787382283463241
0.4782974482280512
0.4778560313095532
0.4775188118353648
0.4766143793215318
0.4762075339705302
0.47583261846368796
0.4754984853061931
0.47442908558066993
0.4739651099872223
0.4720746564352668
0.4713751899897235
0.4637445311071474
0.4624189926316419
0.45888828773673346
0.4573718975795845
0.45289921278864825
0.44952055323179546
0.44817844168897464
0.43336260261733567
0.4314886092587681
0.4086096014976709
0.4049760178718128
0.37041054302220777
0.36353928342011904
0.2591962611523109
0.24469318378743354
0.21695873281742215
0.2049453686961876
0.1780193781375485
0.1667603031346055
0.11316895152100763
0.09964611169424073
0.08396127354994501
0.07376752920157502
0.06814053171940675
0.05695575700812772
0.05656162793863247
0.0411147196777346
0.04186382427959765
0.03550927992181903
0.0341551281696969
0.03028979183088038
0.02562771354240241
0.022377624228450025
0.020974377886595938
0.01766137643616413
0.017780361798409132
0.015707444573357106
0.015112702475675805
0.013982439098824798
0.012485319610404501
0.011650273627659778
0.010885704016181311
0.010295426323987548
0.010122697666117697
0.009858992206701285
0.009499070298724122
0.009329032267095924
0.009162656946580952
0.009053210430128935
0.009017014952200609
0.008968743744398206
0.008845084670311705
0.0088118349845508
0.008811507759774047
0.008788048745472279
0.008788909898555903
0.008781321705337712
0.00877927277492603
0.008775443777706164
0.008770177106055892
0.00876753986784792
0.008764123481279123
0.008762222583722352
0.008760964112514195
0.008758836789969197
0.008758487840406943
0.008755306790484989
0.008754877802538091
0.008748676849271008
0.00874826796336074
0.008746456432840312
0.00874485368907567
0.008742748272168673
0.008741841171859267
0.008737492081532903
0.008735091532748452
0.008733485016756588
0.008727185458705686
0.008725260326027155
0.008706810930063676
0.008703284495704898
0.00866542966403165
0.008658932083741463
0.008589459654852246
0.008579279552685396
0.008526290378618897
0.008511656088996133
0.00844426667812502
0.008401600638108351
0.0083771976813038
0.008268600777914473
0.00823782380075607
0.007913880931254192
0.007870079869892842
0.007579340242120054
0.007517706839839231
0.007148822063655094
0.007069361417384012
0.0065819799015060364
0.0064771764321095
0.005169595484640561
0.005133521082433507
0.004723047051540835
0.0046133665731746725
0.003893240245161415
0.00380538796088974
0.0030535380865931014
0.003005379860516448
0.002655167691116519
0.0024795769255125336
0.002276755799407825
0.001870052841738895
0.0016875619590303627
0.001386582111172962
0.0012272467017735182
0.0011238644216432381
0.0010287698093945684
0.0008176709022215605
0.0007356102741707777
0.0005904383789040099
0.0005215207379922408
0.00047571715290507734
0.00039529127217765436
0.0003907974079887262
