11.812592029571533
20.058160305023193
28.54422163963318
34.98593854904175
41.422691345214844
47.88558387756348
54.34149503707886
60.70893740653992
69.64260029792786
80.554452419281
89.13420009613037
100.02435755729675
106.48476314544678
112.93559980392456
119.38672661781311
132.5203881263733
138.9293668270111
149.83678650856018
160.79289889335632
174.0500192642212
180.52154922485352
298.55547285079956
305.2132270336151
318.5642960071564
331.8308255672455
345.2232277393341
358.51127552986145
371.7544448375702
387.2541790008545
401.14278173446655
416.97861671447754
430.9735245704651
446.8030774593353
460.1319749355316
475.6942903995514
489.0837604999542
504.82275199890137
518.0784411430359
533.6742784976959
547.3811013698578
563.1970348358154
576.4609110355377
591.970695734024
605.2707331180573
620.8659560680389
634.1585028171539
649.634788274765
662.8516852855682
678.8838515281677
692.1102900505066
708.2658865451813
723.8839576244354
734.8429143428802
750.4654550552368
761.4059226512909
776.8541402816772
790.1271307468414
805.58815741539
816.6056604385376
832.1534872055054
845.4879565238953
858.6928789615631
874.1794409751892
887.3991601467133
900.7202899456024
916.5062129497528
927.4732501506805
943.0347185134888
956.2159130573273
971.7201035022736
982.680832862854
998.222706079483
1009.2399961948395
1025.1276495456696
1038.4007995128632
1051.6876392364502
1067.1618523597717
1080.395914554596
1093.7145762443542
1109.2954216003418
1122.4095873832703
1135.5176837444305
1151.4584274291992
1164.5687909126282
1177.6813983917236
1193.0874509811401
1204.0117909908295
1219.4805750846863
1232.674215555191
1247.899594783783
1258.6995680332184
1274.384088754654
1285.1829960346222
1300.5194745063782
1313.5753817558289
1328.9069578647614
1339.7388157844543
1354.994954586029
1368.043793439865
1383.3964145183563
1394.478179693222
1409.8506882190704
1422.8671147823334
1435.7554109096527
1451.059576511383
1464.0591464042664
1479.3109250068665
1490.0791981220245
1505.5269930362701
1518.6581592559814
1533.9266741275787
1544.66406083107
1559.8243024349213
1572.854614496231
1588.0150349140167
1600.9657554626465
1613.9482476711273
1629.5117890834808
1642.5397469997406
1657.713149547577
1668.4972002506256
1683.8038561344147
1696.8298785686493
1712.2288699150085
1725.3126347064972
1738.4491181373596
1754.1154944896698
1767.3080887794495
1782.6575741767883
1793.4595038890839
1808.856323003769
1821.8575694561005
1837.3358943462372
1848.1384599208832
1863.4065446853638
1876.5359880924225
1889.5526194572449
1904.8416635990143
1917.9283213615417
1931.055998802185
1946.378405570984
1959.5282299518585
1972.6318125724792
1988.3381788730621
1999.2221655845642
2014.591869354248
2025.3389625549316
2040.5561261177063
2051.5382285118103
2066.8606736660004
2079.866141319275
2092.926792383194
2108.752972126007
2119.6307101249695
2134.841511964798
2145.6732783317566
2160.8389995098114
2171.7431275844574
2187.1865890026093
2197.96861410141
2213.1829302310944
2224.4275810718536
2239.8973751068115
2252.914082765579
2265.9631884098053
2281.2118413448334
2292.105536699295
2307.380740404129
2318.18691945076
2333.4879925251007
2344.6851077079773
2360.036859512329
2370.835598707199
2386.0881004333496
2396.868949174881
2412.114424228668
2423.019080400467
2438.4966366291046
2449.3761270046234
2464.885728120804
2475.7076559066772
2491.012099504471
2502.653643846512
2518.0655386447906
2531.201810836792
2544.283543586731
2559.5975353717804
2570.3891746997833
2585.8939559459686
2596.818336725235
2612.129251241684
2625.2273030281067
2638.2667396068573
2653.5791206359863
2664.4366884231567
2679.727962732315
2690.628304719925
2706.2268800735474
2717.0491971969604
2732.268540620804
2745.301246404648
2758.4500348567963
2773.854489803314
2784.655284881592
2800.006573200226
2813.006615638733
2826.5079181194305
2841.9448664188385
2852.858474254608
2868.03773021698
2878.8023886680603
2894.079025745392
2904.8032944202423
2920.0187497138977
2930.8317737579346
2946.5143613815308
2955.0701582431793
2970.305587053299
2983.4501173496246
2996.549694299698
3009.740998506546
3025.0943188667297
3033.8226878643036
3049.1633682250977
3060.04070520401
3073.625363588333
3088.9599153995514
3097.5945496559143
3113.0208909511566
3123.9882411956787
3139.3464748859406
3147.967299222946
3163.3099522590637
3171.893487215042
3187.476480960846
3198.2486572265625
3213.4931285381317
3224.306649208069
3237.294061422348
3252.5372438430786
3261.1231048107147
3276.3749136924744
3287.1491498947144
3302.4670016765594
3311.544123649597
3327.058613538742
3338.015555381775
3353.326171875
3361.977562904358
3377.253263235092
3390.3226175308228
3403.408828496933
3418.7295804023743
3429.838287830353
3445.04030251503
3455.82253074646
3471.0663623809814
3481.9669754505157
3497.284190893173
3508.11159157753
3523.4352469444275
3536.50972700119
3549.9508633613586
3565.4554858207703
3576.306519985199
3591.5321683883667
3602.414563894272
3617.693566083908
3628.5118310451508
3645.2900762557983
3655.965284347534
3671.420390367508
3682.1793324947357
3697.2980909347534
3705.7886826992035
3720.9248020648956
3731.699695825577
3746.838369369507
3755.336248397827
3770.524243116379
3781.1833436489105
3796.662310361862
3805.2275359630585
3820.508889436722
3829.112391233444
3844.48682141304
3850.831891298294
3865.9877214431763
3876.7253313064575
3891.793561697006
3902.6073908805847
3916.0270409584045
3931.5039343833923
3940.186376810074
3955.4298300743103
3964.056936264038
3979.351717710495
3987.946335554123
4003.3152871131897
4009.712146759033
4025.3776066303253
4036.304420232773
4051.676103115082
4062.4916672706604
4077.6902072429657
4086.290373325348
4101.511021375656
4112.2809019088745
4127.471355676651
4140.433384656906
4153.931580781937
4169.334137201309
4180.232924938202
4195.55574131012
4208.742590427399
4221.860154628754
4237.287531375885
4248.040997505188
4263.294283151627
4276.599474191666
4289.57211971283
4305.273976325989
4318.272698879242
4331.3059277534485
4346.580717325211
4357.405442476273
4372.575892925262
4383.341952800751
4398.749918460846
4411.764777421951
4427.008074760437
4437.840301513672
4453.154325008392
4463.902103662491
4479.227969884872
4492.282472848892
4507.70280957222
4516.195789337158
4531.5282945632935
4546.852394580841
4557.681220293045
4573.004982709885
4586.0100309848785
4599.088561296463
4614.364082574844
4625.37175154686
4640.582892417908
4651.276902914047
4666.366656303406
4679.336696624756
4692.309643030167
4707.400357246399
4718.094785690308
4733.315650939941
4741.964960575104
4757.7278208732605
4770.708127975464
4783.669942140579
4796.691143035889
4811.920821428299
4822.741110801697
4835.907166004181
4851.206450223923
4862.100406885147
4877.696991920471
4886.2061240673065
4901.384494781494
4909.941079854965
4925.203207731247
4933.768057823181
4948.955061912537
4959.6968467235565
4974.921327114105
4985.898806095123
4998.8591368198395
5014.023768424988
5024.903263807297
5040.265450716019
5048.87739777565
5064.127537727356
5074.916814804077
5090.19376039505
5100.975567817688
5116.460124254227
5127.350385189056
5142.612093925476
5151.092033147812
5166.381229877472
5179.435509443283
5194.687300443649
5205.448967695236
5220.697679281235
5231.8080859184265
5247.069590091705
5260.076008796692
5273.0735602378845
5288.447011232376
5299.271162509918
5314.480129957199
5325.300827264786
5340.540832519531
5353.937555551529
5369.424558639526
5380.274297714233
5395.501351356506
5406.324681758881
5421.661026239395
5434.678329467773
5447.780585050583
5463.039546489716
