36.152912805229334
2.2333300758682526
1.7665786277839288
1.4709387977120514
1.4585300987730534
1.4271139961992958
1.4054112024271035
1.400713467150581
1.331892127421952
1.3240297055510837
1.2996602810710556
1.2767821473071308
1.2288799426864898
1.1393889537853283
1.064613191649869
0.9073218983605784
0.8719623815757132
0.6262832903830713
0.5594597268661801
0.4337710568136117
0.4337710568129296
0.4337710568129296
0.4029269180105075
0.3778236257478511
0.3777261705777164
0.3776309546574339
0.37753638280378254
0.37745412946719625
0.3773827542388517
0.3773383865013784
0.37732048372322424
0.37638284982290315
0.3756581080212982
0.37490785076920474
0.37280426301140324
0.3708480031043564
0.36892140814120467
0.3676781583067168
0.3669046819484265
0.35498433060161005
0.34439818224313967
0.3357724898714878
0.32363224093023746
0.3133575741039749
0.3059121378744294
0.27656644669104935
0.26084732258254917
0.2335903678226714
0.2171134514617279
0.19825683707244934
0.17957026566841705
0.16286012672298966
0.1489052697554598
0.13421447385485408
0.12190118622379487
0.11240035664491188
0.104420936566612
0.0981329086819187
0.09299391399281376
0.08946793254585828
0.08739188462323
0.07869303063102961
0.07435519714567818
0.06814137682590626
0.0671803074728814
0.06672867596671495
0.06537104928315784
0.06490535885086501
0.06382832464419153
0.06351673902554467
0.06342530310621441
0.0629342968218225
0.06274860626467671
0.0626807687181099
0.06241440986423186
0.06230170208823438
0.0622645089888465
0.0620933414868432
0.062021330689503884
0.06199729602599291
0.061878368116595084
0.06182647638365779
0.061809013424863224
0.06171633951930744
0.06167260800157237
0.06165210122003373
0.061575896109161476
0.06157444757900521
0.061449691439065646
0.061416184898007486
0.06135732025609286
0.06129990316640033
0.06120734866772182
0.061162042612750156
0.061013406938400294
0.06093599588621146
0.060883299049919515
0.06074158577371236
0.06065921384424655
0.06041429472384152
0.060277988600773824
0.06018707824887315
0.059931458630899215
0.05978695827207048
0.0593393546223524
0.059090936192205845
0.05891303181715557
0.05846913814889376
0.05821905173138475
0.057415949013602585
0.057007421940625136
0.05684243902715025
0.05591786200352544
0.05536848052975074
0.0550016564895941
0.05400423870310078
0.053777869974510395
0.05185234448003939
0.05125840492110001
0.050055087079726945
0.04962630426894066
0.047292620969983545
0.04656840309803556
0.04504209386914226
0.044941081003571526
0.04180233769398001
0.04133459031709208
0.03923999338280737
0.03825644369089787
0.036766032747209465
0.03623899445119605
0.033203116843651515
0.03280738523017135
0.030589708845809582
0.029838147470400145
0.02820209742890256
0.02723871229954966
0.02596204076257891
0.02486386948044128
0.024635941754013402
0.022688839703505437
0.022211960106460538
0.020808692659556982
0.020276056957072797
0.01923376353124695
0.018711321678893
0.017918450736260638
0.01744489526140569
0.01683266463669497
0.016430977507070565
0.015954599170299844
0.015636264619843132
0.015264014454714925
0.01503035784048734
0.014737510627355732
0.01458152517511735
0.014347729609198723
0.01425749688905853
0.014066054063050615
0.014028485837798144
0.013866115298696968
0.013789464333740398
0.013725941473012426
0.013664099706829802
0.013627939818661616
0.013574902325217408
0.01356028040459023
0.01351254410292313
0.013488149433214858
0.013468628354758039
0.013448248181248346
0.01343691877582387
0.013419513019016449
0.0134143002737801
0.01339869563139473
0.013398059714972987
0.01338338287678198
0.013376495968714153
0.013371678331395742
0.013365425201072867
0.01336199082084022
0.013356080794892478
0.013353635844623568
0.013347893119089349
0.013346129460160228
0.013340421210614295
0.013339102112240653
0.013333327897726122
0.013332266122688452
0.01332634930417953
0.013325388916655356
0.013319270088004487
0.01331827121657625
0.013311903141357107
0.013310728254282367
0.013304071713719168
0.013302571713211364
0.013295591471660373
0.013293589205886747
0.013286248925396649
0.013283516142109875
0.013275769872961973
0.013271989655322614
0.013263764287785307
0.013258459988719551
0.013249612633899233
0.01324198945576427
0.013232183766149319
0.01322676174231674
0.01320051959032753
0.01318683248769048
0.013179955473560767
0.013143081948555846
0.013123445395649469
0.013116482657551387
0.013062121854545694
0.013034826667990274
0.01302826155688308
0.012952653484262555
0.01291396619058105
0.012874831121280295
0.012860610069083123
0.01277903494428756
0.012753718807516634
0.012668008384935092
0.012632694172225456
0.012542568470735205
0.012493647186829548
0.012398468968058296
0.012330453902222871
0.012228660694745486
0.012132425903473631
0.012019999217727673
0.011924911540972971
0.011640743919770102
0.011601953250419683
0.011310190675203557
0.011248937014443072
0.01095774749614975
0.010867016823794984
0.01057920042603655
0.010451319913499901
0.010168597587380646
0.009994038870900113
0.009715998116462288
0.009481480701879264
0.009203387415254838
0.00905355558188603
0.008377035903777141
0.008334290746461193
0.0077211736113440566
0.007601935679076632
0.007084019954390897
0.006892268195770157
0.006461920180299785
0.0062049085515809566
0.0058472201549193414
0.005531106202624869
0.005435879965034474
0.004869106955538882
0.00464743432803516
0.004262795709109923
0.003982223101047566
0.003850626794701384
0.003435999431530945
0.0032471028205236507
0.002982197886922222
0.00278224351791323
0.002725668416587723
0.0024144576707385568
0.0022973337743223965
0.0021368937570969138
0.002059116635564351
0.0018282969701886032
0.0017796626780182123
0.0016907526298837183
0.0016379691821839515
0.0016145101258189243
0.0015518178090587753
0.0015232791688504221
0.0014942742604944215
0.0014744133882231836
0.0014363797617988894
0.0014278941612246854
0.001412192680163571
0.0014033782315436838
0.0014002403806898656
0.001388930662187704
0.0013841405923358252
0.0013795452962312993
0.0013743100041665457
0.0013694726440007798
0.0013671395427081734
0.001365956381050637
0.001363064169026984
0.0013613969731522957
0.0013603730856175389
0.0013583831444066163
0.0013570640132911649
0.0013545874742248998
0.001354235344706467
0.0013510802339169459
0.001349962485846845
0.001349262125813766
0.0013472392381572718
0.0013457615436891501
0.001343065186347303
0.001341112520549359
0.00133763032636125
0.0013347354285997426
0.0013302500672125461
0.00132542753681264
0.0013196248878557526
0.0013130974668911222
0.001292322961944592
0.0012841492825828027
0.0012775091806815908
0.0012638788741696771
0.001256772642591386
0.0012038277586725599
0.0011881266734690143
0.0011777280219575914
0.0011470348101738637
0.0011212870281269716
0.001081437078255476
0.001042476739939957
0.000993200009361317
0.000935785578121795
0.0008758244980526797
0.0008539577543160703
0.0006383078984981694
0.0006037845776063477
0.0005367072517401539
0.00048239106126857223
0.0004048663433877664
0.00037687982512579765
0.0002861134244085406
0.00025386104334756965
0.0002395578794676112
0.0001885764013422886
0.000176732369027377
0.0001200889289521001
0.00010471829250491282
9.95902739759913e-05
7.297362208191771e-05
6.208778154359607e-05
5.6984222055689315e-05
4.303823220652703e-05
3.964991242355609e-05
2.492846260793158e-05
2.1591481981886318e-05
1.7476854509368422e-05
1.3897524240746861e-05
1.0086372640216723e-05
8.552796771255089e-06
7.851505415601423e-06
6.110308731877012e-06
5.262577587927808e-06
4.847069931201986e-06
3.989818424088298e-06
3.7477927889995044e-06
2.8724227831844473e-06
2.697101535886759e-06
2.4594298793090275e-06
2.3095824417396216e-06
2.082796299873735e-06
2.0164736724836985e-06
1.9493895706546027e-06
1.8835114588000579e-06
1.8238515622215346e-06
1.800003929020022e-06
1.790130909284926e-06
1.762149850037531e-06
1.7495808606327046e-06
1.7438144368497888e-06
1.7303830190940062e-06
1.7278243831242435e-06
1.7138499970315024e-06
1.7113154626713367e-06
1.7075449250114616e-06
1.7053312149073463e-06
1.7016400306602009e-06
1.7004708752210718e-06
1.7000468233163701e-06
1.6982828583422815e-06
1.6975066046143183e-06
1.6970468550425721e-06
1.6961641904345015e-06
1.6955568753473926e-06
1.694643970040488e-06
1.6943429272942012e-06
1.6933718143263832e-06
1.6932447124418104e-06
1.6921796941460343e-06
1.6921408132475335e-06
1.6909532405406935e-06
1.6904939457162982e-06
1.6900746686587809e-06
1.6898206922633108e-06
1.6887513538677013e-06
1.6879880604392383e-06
1.6867518297658535e-06
1.6861099538800772e-06
1.681987441770616e-06
1.6805975064926315e-06
1.6793724171293434e-06
1.6787337244750233e-06
1.67505641002208e-06
1.6729222807043698e-06
1.6686396975273965e-06
1.6643500657664845e-06
1.6632486676826375e-06
1.6547935501876054e-06
1.6495910131197888e-06
1.6398450952692656e-06
1.6332519408024382e-06
1.6033411611715565e-06
1.5975874703144655e-06
1.5701120901212562e-06
1.5552977856714278e-06
1.5276962130883476e-06
1.5078444448590744e-06
1.4274669410951901e-06
1.4079323591431603e-06
1.3410046904027695e-06
1.2977543519809842e-06
1.2346054063527845e-06
1.1495542366901645e-06
9.935677098837914e-07
9.158118245977676e-07
8.092313237284543e-07
7.371718311333098e-07
4.865432856604457e-07
4.349005848780507e-07
4.0227519093605224e-07
3.3234391594305634e-07
3.0641217563243117e-07
2.2116842046671081e-07
1.9651201910164673e-07
1.6276499081868678e-07
1.394339506077813e-07
9.987365956476424e-08
8.639904081064742e-08
7.023322723398451e-08
5.859396878804546e-08
3.9995484257815406e-08
3.435229700698983e-08
2.7066107577411458e-08
2.1838332031620666e-08
1.8933633327833377e-08
1.4387069313670509e-08
1.2173359209555201e-08
7.370090315816924e-09
6.231402949197218e-09
4.807816367247142e-09
3.89104570786003e-09
2.421302269794978e-09
2.0306742953835055e-09
1.5738805814180523e-09
1.2598775356309488e-09
7.880771590862423e-10
6.607479008380324e-10
5.115907697472721e-10
4.1541170503478497e-10
2.56704879575409e-10
2.1827872842550278e-10
1.6711965145077556e-10
1.4028955774847418e-10
8.571987564209849e-11
7.366907084360719e-11
5.6843418860808015e-11
4.979483492206782e-11
2.955857780762017e-11
2.6830093702301383e-11
2.0691004465334117e-11
