36.152912805229334
15.933761869060163
2.324883827577878
1.4090864707789024
1.1977093563366452
0.6865601111162505
0.22007557505844488
0.002988997827969797
5.265204526949674e-05
5.265204526949674e-05
5.265204526949674e-05
5.265204526949674e-05
5.265204526949674e-05
5.265204526949674e-05
5.265204526949674e-05
5.265204526949674e-05
5.265204526949674e-05
5.265204526949674e-05
5.265204526949674e-05
5.265204526949674e-05
5.265204526949674e-05
5.265204526949674e-05
5.265204526949674e-05
5.265204526949674e-05
5.265204526949674e-05
5.265204526949674e-05
5.265204526949674e-05
5.265204526949674e-05
5.265204526949674e-05
5.265204526949674e-05
5.265204526949674e-05
5.265204526949674e-05
5.265204526949674e-05
5.265204526949674e-05
5.265204526949674e-05
5.265204526949674e-05
5.265204526949674e-05
5.265204526949674e-05
5.265204526949674e-05
5.265204526949674e-05
5.265204526949674e-05
5.265204526949674e-05
5.265204526949674e-05
5.265204526949674e-05
5.265204526949674e-05
5.265204526949674e-05
5.265204526949674e-05
5.265204526949674e-05
5.265204526949674e-05
5.265204526949674e-05
5.265204526949674e-05
5.265204526949674e-05
5.265204526949674e-05
5.265204526949674e-05
5.265204526949674e-05
5.265204526949674e-05
5.265204526949674e-05
5.265204526949674e-05
5.265204526949674e-05
5.265204526949674e-05
5.265204526949674e-05
