4.833926413764481
3.124188106721063
0.7744983714084805
0.1021387924575725
0.2134553683333856
0.1809566670739423
0.11811965529759079
0.04435111790620129
0.0003913279949501846
0.0003913279949501846
0.0003913279949501846
0.0003913279949501846
0.0003913279949501846
0.0003913279949501846
0.0003913279949501846
0.0003913279949501846
0.0003913279949501846
0.0003913279949501846
0.0003913279949501846
0.0003913279949501846
0.0003913279949501846
0.0003913279949501846
0.0003913279949501846
0.0003913279949501846
0.0003913279949501846
0.0003913279949501846
0.0003913279949501846
0.0003913279949501846
0.0003913279949501846
0.0003913279949501846
0.0003913279949501846
0.0003913279949501846
0.0003913279949501846
0.0003913279949501846
0.0003913279949501846
0.0003913279949501846
0.0003913279949501846
0.0003913279949501846
0.0003913279949501846
0.0003913279949501846
0.0003913279949501846
0.0003913279949501846
0.0003913279949501846
0.0003913279949501846
0.0003913279949501846
0.0003913279949501846
0.0003913279949501846
0.0003913279949501846
0.0003913279949501846
0.0003913279949501846
0.0003913279949501846
0.0003913279949501846
0.0003913279949501846
0.0003913279949501846
0.0003913279949501846
0.0003913279949501846
0.0003913279949501846
0.0003913279949501846
0.0003913279949501846
0.0003913279949501846
0.0003913279949501846
