3.1949414498389688
0.7461955924100618
0.5054989791266765
0.20486210423791204
0.20392795913622905
0.12205157269162589
0.06913331891016929
0.06711505776315511
0.25798272613807344
0.10362909110644639
0.2282445207997748
0.07140566916902254
0.22401967982915913
0.05675995511916862
0.37627247232861477
0.05879249904574826
0.5119237587714536
0.17964132354981796
0.25141852760469413
0.19215643428814894
0.19215643428812507
0.19215643428812507
0.12914066127192
0.028886590001101452
0.026740781197040764
0.03041674221144258
0.0277905189614867
0.03226791624220055
0.02951773542497514
0.03498511066736158
0.032273299659108065
0.02531306539666502
0.02570293842886933
0.05739362796256632
0.052495937134707966
0.06294144359866656
0.06428086708441229
0.07805338393353622
0.08428991395497913
0.026204653307933527
0.06152060674241534
0.06392002671992204
0.07717862439485866
0.0928325289631656
0.1275865406205135
0.03462709995072276
0.12873060171120151
0.04250442874160377
0.09277888438648388
0.03232110600204667
0.08444004918380246
0.032654522574331935
0.10642060611257118
0.060521966981852304
0.07460419882210254
0.043375297445890776
0.06270372487892421
0.04165934314343322
0.06384068283209694
0.05180321400477552
0.07820334532539602
0.012162391549618927
0.06934015353875193
0.014156006079010127
0.026417537668507518
0.024941698487870947
0.0165583711742886
0.025222759017196714
0.01620204486405345
0.015236456429526708
0.022570968492799194
0.013485613147213088
0.01618903559691333
0.01678279652959736
0.014332214677187219
0.014206309516562496
0.017094111808556092
0.01367505242762597
0.014726717927658431
0.015368935632083454
0.014009480704171278
0.01414685559592776
0.015532179978620253
0.013832997512916544
0.014318887566361854
0.01493717048986815
0.013941337304485747
0.016260430287182933
0.014110335820224121
0.01464055765418482
0.013907237896263315
0.015404126959184158
0.013977776713624398
0.016618386201602223
0.014103917710371316
0.014776069419370767
0.01574201462439475
0.014168213477260048
0.017673894000243443
0.014454481111805934
0.015067027645897062
0.017592981755312632
0.014133951052973543
0.020949267812057727
0.014450316086809108
0.016327480952122362
0.018988085251371432
0.014589484228713288
0.024460326549756235
0.015553019904808516
0.018128695071613056
0.025408745379193916
0.01504996093991147
0.01858330486850682
0.024377671385561524
0.01520613620898687
0.0358584887677825
0.018073868081371975
0.025552575737325077
0.0149650403845002
0.03891238960719628
0.018621403462721786
0.02826098089263288
0.015053648634452058
0.04597611584036968
0.02081634793730976
0.03481336139203755
0.01655941998895048
0.02633783119392206
0.013421534736345072
0.04507154171698888
0.020088261714541245
0.03644059072736428
0.0164344603445862
0.02945213082667856
0.013583015172148251
0.024052884915577243
0.011306668735562658
0.019839815008665385
0.03203483609701306
0.016578696556169267
0.025981527570067338
0.013996251537603031
0.021367205089191533
0.012031417712922056
0.017856322832070348
0.010527559661575913
0.015192468346151797
0.009380343695860428
0.013210854612485792
0.008515266988407676
0.011793993162847509
0.007874308569605542
0.010841080378809577
0.007410310423157391
0.010255162821747498
0.007085579256927413
0.009946483217451287
0.006870835707979107
0.009840772956544275
0.006743548529494901
0.004468959615062473
0.006712127818276524
0.004526322138521085
0.0068042535619442885
0.004612397272095889
0.006932632258729555
0.004716677328832229
0.00446632755046277
0.004809888567996406
0.004471758482046326
0.004878035843000069
0.004483741184511821
0.00495974958107035
0.004501009290504315
0.00505131339012862
0.004522720118212714
0.00423975408287962
0.004544338740066855
0.004260276843471253
0.0045617040199986015
0.0042794603416143415
0.004578706185343357
0.004297051770653959
0.004595337358259845
0.004313023136266394
0.004611427769111586
0.0043273940665540375
0.004626719897181982
0.0043401910417032764
0.004640860201267828
0.004351420019340912
0.004653375183825123
0.0043610449070366035
0.004663633192992524
0.004368967119811305
0.00467078814942138
0.004375001891258147
0.004673695827537823
0.004378845987341823
0.0046707841847543645
0.0043800282331205405
0.0046598408396611585
0.0043778263070211884
0.00463763897502249
0.0043711132675107334
0.00459921728064893
0.004358042370323195
0.00581300017869181
0.004718113378606779
0.004365628439025415
0.00646483832717677
0.004841348568579549
0.0044480582026861235
0.007142514494136811
0.005163587693486836
0.004452717088531774
0.008270297757003183
0.0054124320965493475
0.004629865045062188
0.0053494345122679894
0.007897605772543092
0.005240202396441441
0.007912426204794123
0.005206078237169689
0.007867259897400879
0.005148151177020765
0.007760186607314541
0.005058080196584459
0.007571173471579244
0.004924222062614847
0.007269700545894969
0.004727649770171507
0.013965592086300953
0.007249563528978151
0.013728412255621101
0.00709966227342762
0.013442610615226887
0.006866168974612802
0.013003026213269629
0.006552639459667432
0.01239925197938175
0.0061517574628989725
0.011622692762557344
0.005654125565891211
0.010666071150758611
0.005045166928143521
0.021665899752690447
0.009558827257733795
0.019913008891601122
0.00848482424773892
0.01768398050035858
0.0073114770661683775
0.015323855296024147
0.006104858223700447
0.012947806017822704
0.00491142502318507
0.010668324815021479
0.01598302869747658
0.008410136630530656
0.011501598470014257
0.0064252570894518845
0.007492555173204998
0.015957774209720794
0.004989116307395475
0.011851626727378151
0.0034788972473807204
0.00870166803603217
0.011493547381767182
0.006114622124005224
0.0068791444546887634
0.004308148862428243
0.01063397719208148
0.005112342486576933
0.00556989346832215
0.0035671287751408505
0.0031847194910768683
0.00670532613696541
0.002262337716220048
0.004393685843384323
0.002030081464739165
0.005660104641559887
0.0022925485457715427
0.00376416836545469
0.002089167389560374
0.0027769380181875396
0.002874297416409986
0.002350160238258985
0.002265666584373383
0.0021946360233570375
0.002472176135232728
0.002215860017414762
0.0021794432722131254
0.0025050258657177125
0.00213167921017153
0.002245625118585914
0.002272293594598599
0.0021682152004455623
0.002384013761073991
0.0021775359452258377
0.0025089666303853273
0.0021888757816082554
0.0022294479406940876
0.0023544568764318693
0.0021687201829303734
0.0024276358155087344
0.002179027306246133
0.002488525169652663
0.002188582543013779
0.0025499806981513756
0.0021956501073572706
0.002598070911633795
0.0021965106249586786
0.004014798836743491
0.00237687240857278
0.0025550226740493043
0.0031848409298688668
0.0021791564592452363
0.006131212349886317
0.0025038863159907005
0.003243601368631035
0.004101730076335837
0.0023220823915467616
0.004593695851968399
0.0023100251733816904
0.004898468682379198
0.0022757138472045916
0.0051780826930239695
0.0022072168576110136
0.011825158404215344
0.0036898202874423485
0.005514857920792089
0.002037888624159848
0.006305680351613765
0.002063937142762565
0.007243100603481606
0.0022127934582493783
0.003382560026972147
0.004949327430421338
0.0016736789588865325
0.005649386714302203
0.0017418915519952093
0.0024016115560133284
0.0038277144233830555
0.001102575696541987
0.0017783376871151827
0.002524007190881555
0.0008718506570262039
0.002877239722614166
0.0009022699759345845
0.0012136567680571138
0.0004623799024177507
0.0013610374369731537
0.00045845988473898675
0.000568511537669558
0.0009600322838716068
0.0002567812805808007
0.0004486943203624722
0.0006046894681594619
0.00022511921295322265
0.0006987298210442975
0.00023151015379904014
0.0002984943565507118
0.00012270671511489882
0.0003442791570993598
0.00012342014283221698
0.00015027512860352012
7.351552568674785e-05
0.0001723790150552178
7.26994579378188e-05
8.194720826641211e-05
0.00013081464545540108
5.169194219836508e-05
7.08893295469809e-05
8.655987037541749e-05
5.0250096047185255e-05
9.771043423074953e-05
5.0779485770866934e-05
5.598107208981739e-05
4.4053404988887464e-05
6.0129564748406595e-05
4.408987002652085e-05
4.5395029710708884e-05
5.200239137502885e-05
4.2282954883892286e-05
4.386869711246727e-05
4.560361953141306e-05
4.207888908762165e-05
4.656356456548358e-05
4.206110395385847e-05
4.735562272111569e-05
4.206699400504518e-05
4.818551389621761e-05
4.2086435324632634e-05
4.904792454959682e-05
4.2113229688832923e-05
4.287958909673356e-05
4.4106222496500175e-05
4.7349889971858867e-05
4.194590597914997e-05
4.79317008864196e-05
4.187263872420863e-05
6.530806700203161e-05
4.320544601681111e-05
4.611818548389243e-05
4.973589574279134e-05
5.9856572582996225e-05
4.271763363066798e-05
6.176702320340504e-05
4.254728917238888e-05
6.100449851671001e-05
7.475513330829966e-05
4.506674586085784e-05
7.67993501294754e-05
4.434103634890432e-05
0.0001356588022223363
5.191548139833078e-05
0.00012348730950446517
5.097692315221244e-05
0.00011552623520422974
4.894456797997749e-05
0.00021314554273824262
6.47475319114456e-05
0.00018110447954248362
6.169275280067408e-05
0.0001597390238732466
5.658557178154632e-05
0.00027871992890008193
7.757670660009662e-05
0.00020114439283351948
7.029658805645692e-05
0.0003657133979877547
0.00010318326691747025
9.90621445683851e-05
0.0002021448880212115
3.559237532574657e-05
0.0002446499007494033
5.297773908681565e-05
0.00013671276270692384
2.0003809153581853e-05
0.00016676768863789946
3.217539370356013e-05
9.538156754269516e-05
1.1527104686163467e-05
0.00011609971194290246
2.067498622700645e-05
6.631776334451648e-05
7.098798649494981e-06
3.791441828860337e-05
3.30728799295973e-05
2.2488254576824335e-05
4.433443951633859e-05
2.1944383915220007e-05
1.702413999109168e-05
1.3017572875831777e-05
2.377071280796167e-05
1.2612254011536887e-05
9.223524124343393e-06
7.586966952069682e-06
1.3331436343188822e-05
7.33997721527841e-06
5.272658170684505e-06
4.438300053792519e-06
7.776648794325034e-06
4.3100250576401815e-06
3.1421262163110218e-06
2.603573881256258e-06
4.6631583700829475e-06
2.5477761708757636e-06
1.922911873271549e-06
1.5318859738534352e-06
2.8446618724101433e-06
1.5142626049101735e-06
1.1949926160683053e-06
9.0465173344082e-07
