53.83871518341407
51.655080814115756
51.66349880572706
51.59266038467269
51.56030493056129
51.50692737172962
51.46407398231856
51.40958251932091
49.29603363815578
50.29815672117145
49.14928832277224
49.78175177436275
48.20674465055963
47.92435309169259
43.61035302524985
44.39823023989038
36.05363142406404
38.500363475583114
35.35140974529697
32.37153756778011
32.37153756777626
32.37153756777626
32.34529771651414
32.28821230631058
32.291240760845575
32.27582487180018
32.28084755486343
32.26260542657743
32.2694662710111
32.247931649420465
32.25751935527554
32.24462774789886
32.216051074701824
32.03841454432232
31.98863766116073
31.844818343789314
31.760800743169565
31.59977261488784
31.51100144747647
31.418782870868522
30.817291361534558
30.451162029841026
29.83648026667827
29.234984303701392
28.413320937746224
28.10535384670632
26.291711455695932
26.0312485935998
24.65879437054687
24.24753185505038
22.653983843514197
22.183640859878995
20.238325969008404
20.00158130697285
18.841518983694012
18.513100755199567
17.54980122084852
17.268441590372454
16.40523947183068
16.25037102472966
15.420809930767236
15.445483230189746
13.79184120951996
13.913108287393682
13.592245375964646
13.525983968531504
13.344566605834189
13.107958553481469
12.965660548245696
12.891985056200477
12.727693108862104
12.731766213228259
12.620457733048074
12.58999565978334
12.523615446191288
12.483044134354948
12.397141573325488
12.398625290979219
12.337332126653942
12.322127256252422
12.283184486184725
12.261840644369
12.209069522671054
12.212115166811563
12.17344809273344
12.166291427822081
12.139504542484872
12.113698348335214
12.083291202475396
12.078282114268656
12.058078100814932
12.037666544959443
12.013943816050539
11.998308655129634
11.969632204241394
11.965957889326427
11.926991078142628
11.93611001684416
11.87609483447975
11.892976432032011
11.85562554351329
11.863612386513005
11.82853361515538
11.813984989119641
11.767191082261604
11.76204906619993
11.694646258550193
11.70925765737355
11.595200168921867
11.623859709816056
11.545604126108074
11.556318785950399
11.481599422103338
11.461773652068182
11.34519084122781
11.360851116118083
11.149685648297723
11.19306800673221
11.047925474457507
11.058118966493437
10.795040899447615
10.836829467600205
10.656093163376324
10.662812594960354
10.331361503447638
10.383648366257626
10.159845311797682
10.176920152234231
9.97436301070623
9.965163557258515
9.578127146534936
9.620321395720538
9.36412816853327
9.378976842174474
9.146805130667682
9.143666973214067
8.927251438157546
8.908678276529612
8.70057051461939
8.636877280193186
8.46924533762712
8.39230529708715
8.249717658083263
8.171100850880727
8.047956963618384
7.9705088330582345
7.863030061891454
7.789233397274423
7.694909613883071
7.627131496149882
7.5443075233839725
7.484667689142861
7.412134927196094
7.362125656984838
7.298767578707186
7.258944095254229
7.20355498611343
7.173564553884491
7.124860952158896
7.103756767751507
7.060477837317925
7.053668913044291
7.007834159934796
7.004362144115636
6.963973987961514
6.96354645779518
6.927931664737532
6.930172678189526
6.914185228739481
6.902798881423883
6.888340125913006
6.880060696947675
6.866866731576883
6.861281965285253
6.849079857313748
6.845791957806339
6.83433717887914
6.8336615719614215
6.82204348844634
6.82208007683532
6.81143201849623
6.812024621945501
6.8021927742840695
6.8032589884328
6.79409786473867
6.795566188235531
6.786948088358049
6.788755837342201
6.780570464260164
6.782661746750339
6.774814531113621
6.777138113284491
6.769548160877965
6.772055234242086
6.764653204588983
6.767294912491204
6.7600208567543545
6.762745288449871
6.755546263346145
6.758294369934554
6.751121335091875
6.753820672623368
6.746623474643757
6.749177315830225
6.741894571026662
6.7441599969006925
6.736693942781617
6.738428653583032
6.722746397570303
6.728912665660818
6.722001106940224
6.718991906096489
6.70577804918828
6.707251058472704
6.682424333237527
6.690497708916892
6.679698749717938
6.671539018423297
6.651595980492461
6.652453896460303
6.631982777107088
6.630149580588602
6.608125327423501
6.602764513757277
6.579914401147889
6.57200993860382
6.548135612842278
6.536834523975351
6.511685568684314
6.495645624095297
6.468723201577024
6.445625019466467
6.415799309840093
6.346473513785538
6.29894895970628
6.262818993515942
6.211763836851193
6.170192126791151
6.117850792039534
6.069387043960903
6.015586848484174
5.958480383274374
5.902756853347972
5.83437913850718
5.775712971470241
5.6917313935468075
5.627896321230369
5.413808378464983
5.333797216160737
5.213717040345674
5.130846807847325
5.004876704149388
4.9242512331118915
4.790444388373371
4.711110224083918
4.56672614127871
4.4867941520499075
4.326913650267648
4.1605367828054245
4.068307867227228
3.89835051171403
3.8054894152584953
3.6371271523292643
3.4432548334395165
3.3751050518910795
3.186476280766974
3.1213684907923893
2.945118831354555
2.8199108230417926
2.7180965899931127
2.5977586902967027
2.513681148613007
2.293338435914363
2.2087126389724783
2.134405868560637
2.0719826299057216
2.0037126158833316
1.9090239329094334
1.8961000694992225
1.822967391186212
1.807801695364695
1.6957100689845852
1.6943136699215147
1.6484510918576638
1.642986563615055
1.6090711272005347
1.5952042138767208
1.5760947507786658
1.5617030352791474
1.5488048707430941
1.5219801253572907
1.5102619308379257
1.50190329358675
1.486405252329649
1.4859647254285588
1.4747627974381896
1.4709285788672293
1.4640961844369478
1.4542877169269925
1.447528241313208
1.4410084817771833
1.4341464646670081
1.432354828915864
1.4241144221247086
1.4253073670302807
1.4139703256375797
1.4158526780008733
1.404381145817599
1.4066869298288727
1.394692470678384
1.397240247643202
1.3841464623761575
1.3865606631493752
1.3564115117117026
1.3643091359696262
1.3513580258914675
1.3533152019174914
1.342068061218026
1.3228580004740547
1.3002271317088554
1.297296915335856
1.2698798457982932
1.2738625082326664
1.2310474801468678
1.2349530126432628
1.1800333621514911
1.1817304698753492
1.1100085278249316
1.108067402222387
0.9217639920210386
0.9379199161871931
0.8698272487487761
0.8643142798069228
0.753007845593827
0.7496439776852213
0.628122777074078
0.6284703173640426
0.5668002031053366
0.5451510978320924
0.5040670621113358
0.4405231132454951
0.3993468872122977
0.3744714653490785
0.3238555045081341
0.3211075288615065
0.28345958172072755
0.2691106468702226
0.24611674698679456
0.21081066269619275
0.18951199595183688
0.17809849154273713
0.16562118758984082
0.1426258957787318
0.13213902068508104
0.1250258105065325
0.11336889973066619
0.11252849504903682
0.10494884333736847
0.10220171454465639
0.09836782893568846
0.09314046411959531
0.09034231049881017
0.08912797528858388
0.0877487512560202
0.08568400820819663
0.08474838995653826
0.08426887784014793
0.08380096102778434
0.08303089662192173
0.08272373591407431
0.08253926073229505
0.08224095023710241
0.08222700353462063
0.08204863044047875
0.0819900750052527
0.08190268402138187
0.08178747211804092
0.0817239162184153
0.08169507154104605
0.08166207673066413
0.08160691190209855
0.08158197126853294
0.08156473311905547
0.08153610099019828
0.08153307790079867
0.08151255113975511
0.08150162170964877
0.08149044043674868
0.08146521438014978
0.0814552374150533
0.08143155430223352
0.08142209613406005
0.08139861748290507
0.08138929386131563
0.08136476522769293
0.08135523328442246
0.08134168941520754
0.08132368041105732
0.08130850556893869
0.08129676921049313
0.0812582158156947
0.08124459232955503
0.08113621652545004
0.08111707696838974
0.08107572369306926
0.08102759112087889
0.08097723331773532
0.08094643385026828
0.08082531850508962
0.08078861673601997
0.08061785853903919
0.08051137840831596
0.08044308713532938
0.08016434678053289
0.08007813389249796
0.079290826639374
0.07915079730448554
0.07852305781002436
0.07832632732782391
0.07753315228241606
0.07726490095713053
0.07506572742276534
0.0746114539275995
0.07292761584580155
0.07232188749770711
0.07021544222480947
0.06940643792505223
0.06357026957493982
0.062106323768076246
0.05784733789512859
0.05605030920119511
0.04578017584890118
0.042950631738722066
0.04055928254058779
0.03657569450004127
0.03597850204913946
0.029164502179780942
0.029149225019739836
0.025714901688102972
0.025206651029467723
0.019593600708129853
0.01962349873732273
0.016902101212599007
0.016565261777797168
0.012283412143430702
0.012413197113316824
0.010442030781308453
0.010282127232323836
0.008789607448976094
0.008220436464771353
0.007311273742829445
0.005994115917424202
0.005106709440894169
0.0047566880244339525
0.004224310530155091
0.003439874570439976
0.0029242757116113116
0.0027222980842121244
0.0024118000252590214
0.0019624541275981276
0.0016621557510059781
0.001550914872639553
0.0013702577197250772
0.0011196006024936165
0.0009443023169709454
0.0008850392587792789
0.0007801876059807198
0.0006430640093957877
0.0005409962848050032
0.0005103925189471431
0.00045007510071398455
0.00037683207134200664
0.00031843536990630594
0.0003033487214685466
0.0002696585970192496
