53.83871518341407
52.64104938140715
51.701552208257276
51.41720283479142
47.99534536125044
39.18762098367881
23.9216738614633
0.3568961516301035
0.33039308275750745
0.33039308275748613
0.33039308275748075
0.33039308275748075
0.33039308275748075
0.33039308275748075
0.33039308275748075
0.33039308275748075
0.33039308275748075
0.33039308275748075
0.33039308275748075
0.33039308275748075
0.33039308275748075
0.33039308275748075
0.33039308275748075
0.33039308275748075
0.33039308275748075
0.33039308275748075
0.33039308275748075
0.33039308275748075
0.33039308275748075
0.33039308275748075
0.33039308275748075
0.33039308275748075
0.33039308275748075
0.33039308275748075
0.33039308275748075
0.33039308275748075
0.33039308275748075
0.33039308275748075
0.33039308275748075
0.33039308275748075
0.33039308275748075
0.33039308275748075
0.33039308275748075
0.33039308275748075
0.33039308275748075
0.33039308275748075
0.33039308275748075
0.33039308275748075
0.33039308275748075
0.33039308275748075
0.33039308275748075
0.33039308275748075
0.33039308275748075
0.33039308275748075
0.33039308275748075
0.33039308275748075
0.33039308275748075
0.33039308275748075
0.33039308275748075
0.33039308275748075
0.33039308275748075
