12.09943437576294
20.509466648101807
29.425909519195557
38.29604983329773
44.903504610061646
51.468042612075806
58.12768054008484
64.64885306358337
75.83335757255554
84.7058699131012
95.88532042503357
102.45909404754639
113.57229852676392
120.17715716362
129.0228888988495
140.34321570396423
146.83316826820374
157.9121539592743
169.0904152393341
175.70005822181702
287.6257336139679
406.70209884643555
413.25092124938965
426.5982975959778
437.70828342437744
448.8036859035492
459.9728286266327
471.86821961402893
482.91310691833496
494.35112380981445
505.56778287887573
518.9490282535553
525.590047121048
532.1826736927032
543.3384683132172
554.4489321708679
565.6897392272949
576.7807426452637
587.814775466919
601.0422701835632
607.6226482391357
618.9613783359528
630.0637917518616
641.0338063240051
652.038736820221
665.2565069198608
673.9694395065308
687.1817145347595
698.1779451370239
711.3785538673401
722.3604979515076
735.9252731800079
746.9446322917938
760.2099411487579
773.4230732917786
786.7210040092468
800.0059788227081
813.2416443824768
826.5494225025177
839.8215336799622
853.0148184299469
868.59033203125
877.2226951122284
892.5150563716888
905.595760345459
918.7446248531342
934.2197170257568
945.1782064437866
960.7453541755676
974.2803153991699
987.6222960948944
1003.1749453544617
1016.2960660457611
1029.3869562149048
1044.7810144424438
1057.9713571071625
1071.2391879558563
1086.652096748352
1099.9763894081116
1113.1974873542786
1128.6715605258942
1141.9069669246674
1155.0784788131714
1170.5322597026825
1183.7455763816833
1196.9390091896057
1212.4140388965607
1223.7689776420593
1239.1637275218964
1252.211404800415
1267.5122654438019
1278.3456072807312
1293.6698200702667
1304.6268193721771
1320.080659866333
1333.436785697937
1346.7286503314972
1362.1578872203827
1373.141794204712
1388.5700466632843
1401.6292130947113
1414.6793026924133
1429.9773166179657
1440.8212299346924
1456.62708735466
1469.8492138385773
1482.9610662460327
1498.2185807228088
1509.1231579780579
1524.722490310669
1537.9743566513062
1551.187651872635
1566.64591050148
1579.9923734664917
1593.19882273674
1608.5503900051117
1619.3691539764404
1634.7049248218536
1647.823338508606
1663.1843791007996
1674.0904958248138
1689.5633351802826
1703.135282278061
1718.528564453125
1729.4835197925568
1744.942753314972
1758.0344245433807
1773.3404455184937
1786.4434320926666
1801.745398759842
1812.6827676296234
1828.5007226467133
1841.8098664283752
1857.3656706809998
1870.4349946975708
1885.8606359958649
1899.1508803367615
1914.8099846839905
1928.146115064621
1941.6333878040314
1956.993638753891
1970.1115219593048
1985.442811012268
1998.5583472251892
2013.897189617157
2026.9899260997772
2042.3556411266327
2055.5802989006042
2070.9922704696655
2084.2100768089294
2099.6794142723083
2112.930694580078
2128.4783222675323
2141.759904384613
2157.180213689804
2170.3663935661316
2186.157615184784
2199.411322593689
2214.777015686035
2228.0134630203247
2243.4734165668488
2258.9477837085724
2272.325620651245
2288.72705578804
2302.0712893009186
2317.516470193863
2330.774393796921
2346.0983159542084
2361.4209394454956
2374.481327533722
2389.7981333732605
2402.8491604328156
2418.6969752311707
2431.924100637436
2447.249149084091
2460.3685808181763
2475.7184386253357
2491.0199077129364
2504.1028752326965
2519.41455245018
2532.500063896179
2548.150089740753
2561.20565366745
2576.544772863388
2589.7179408073425
2605.02401971817
2618.1831011772156
2633.59792137146
2646.818469285965
2662.6353619098663
2675.826227426529
2691.301465511322
2704.5458087921143
2720.106185436249
2733.33083486557
2748.7452521324158
2761.837371110916
2777.393310546875
2790.6235032081604
2806.1422369480133
2819.3577103614807
2834.8657751083374
2848.0635693073273
2863.5393404960632
2876.709599494934
2892.0971834659576
2905.7999062538147
2921.2492859363556
2932.2423717975616
2947.782068490982
2963.3656227588654
2974.4643971920013
2989.9966564178467
3005.5392496585846
3016.952520132065
3032.527503013611
3048.0728895664215
3059.003370285034
3074.5613663196564
3090.1654813289642
3103.4457862377167
3116.633367538452
3134.4950335025787
3148.0825090408325
3163.975440263748
3177.454819202423
3193.2354016304016
3206.6306009292603
3222.231849193573
3235.5664229393005
3251.075152873993
3264.5415544509888
3280.0693180561066
3291.161938428879
3306.727540254593
3320.0279145240784
3335.6416256427765
3348.9537723064423
3364.5333461761475
3378.1394391059875
3393.8349101543427
3407.2608246803284
3422.903804063797
3436.3436694145203
3452.2478787899017
3465.5995614528656
3481.2134466171265
3492.271498441696
3508.268042087555
3521.5218172073364
3536.992394208908
3550.3110501766205
3565.8957715034485
3579.1777200698853
3594.8655004501343
3608.2272770404816
3624.109217643738
3637.4177322387695
3650.8985838890076
3666.5876171588898
3679.8860352039337
3695.4806056022644
3708.8541021347046
3722.3067677021027
3738.23232626915
3751.5249297618866
3767.0441584587097
3780.252078294754
3793.4766273498535
3808.857978582382
3821.9472851753235
3837.32159781456
3848.2644441127777
3863.884286880493
3876.9771440029144
3892.289081096649
3905.458611011505
3918.6781549453735
3934.341967821121
3947.557124853134
3963.0304038524628
3974.2510681152344
3989.7927112579346
4002.9479804039
4018.3157529830933
4031.4575674533844
4044.708114862442
4061.1896193027496
4074.4604127407074
4089.8889729976654
4101.2227528095245
4116.649274110794
4129.857496738434
4143.100192785263
4158.5707042217255
4171.820840120316
4185.0897743701935
4200.559659481049
4211.4914536476135
4227.379846811295
4238.242116689682
4253.551095485687
4266.678427696228
4279.784309148788
4295.1023643016815
4306.012708902359
4321.333283662796
4332.154406785965
4347.845413208008
4358.688760280609
4373.950392007828
4384.860585927963
4400.267449378967
4408.983909845352
4424.356334686279
4437.556337118149
4450.700778722763
4466.215933561325
4474.830064058304
4490.234085798264
4503.409951210022
4516.542478322983
4532.11528301239
4543.1334817409515
4558.637980937958
4569.621210098267
4585.426208972931
4596.390746355057
4611.836129188538
4620.527137756348
4635.985670089722
4649.187885761261
4664.769925832748
4675.752561092377
4691.125887393951
4702.215786218643
4717.603211402893
4730.723541259766
4743.926915168762
4759.338307142258
4770.294829130173
4785.749212265015
4798.934189319611
4812.225153207779
4828.276503801346
4841.4935982227325
4854.67120552063
4870.0178835392
4880.869729042053
4896.221562862396
4909.307500123978
4924.6999390125275
4935.975698709488
4951.491592407227
4964.727200508118
4977.962644577026
4993.513471126556
5006.764554738998
5020.017477273941
5035.455531597137
5046.379998445511
5061.927784919739
5075.013467788696
5090.299136161804
5101.165301799774
5116.486780881882
5129.745259284973
5145.035539388657
5155.8920266628265
5171.176220417023
5184.644623994827
5197.828093767166
5213.285928487778
5226.36754989624
5239.453413963318
5254.885144233704
5265.869048833847
5281.284180402756
5294.668341398239
5310.134327888489
5321.100796461105
5336.496220588684
5349.691675424576
5362.87891960144
5378.302304983139
5391.4323699474335
5404.5646958351135
5420.458189487457
5431.417568683624
5446.808129787445
5457.6947548389435
5472.986828327179
5483.8926503658295
5499.153100967407
5510.033816576004
5525.293152093887
5538.889815568924
5551.979297399521
5565.0527765750885
5580.366357088089
5591.280069828033
5606.730087280273
5615.410526275635
5630.8640105724335
5644.073988199234
5657.290186405182
5670.397081851959
5685.743705272675
5696.614300489426
5711.958044052124
5722.971370458603
5736.10781955719
5751.434444665909
5762.260960102081
5777.724176168442
5786.364772796631
5801.625996589661
5812.482267856598
5827.775279283524
5838.644960641861
5853.922965764999
5862.508342266083
5878.852774143219
5889.804083824158
5905.648567199707
5916.5988528728485
5932.121721506119
5940.846544742584
5956.321160793304
5967.307850122452
5982.786623954773
5991.485950708389
6006.989846944809
6020.421676635742
6033.7014009952545
6049.034075498581
6059.900130748749
6075.253983974457
6088.381137371063
6103.651437759399
6114.507946014404
6129.787482500076
6143.352536439896
6158.782742738724
6169.602267503738
6184.91334605217
6198.0794069767
6213.376659154892
6226.447456359863
6239.542849779129
6255.11021232605
6266.101781368256
6281.490530967712
6294.752296209335
6310.273307800293
6321.230192661285
6336.792968034744
6349.9469673633575
6365.400585651398
6376.689354658127
6392.135132551193
6405.326365470886
6420.787221193314
6431.711873292923
6447.173853397369
6460.349037408829
6475.847824811935
6486.888894319534
6502.726942062378
6515.8890244960785
6531.239675045013
6542.080811262131
6557.3996703624725
6570.483061075211
6585.792308330536
