11.190414428710938
17.330275058746338
23.891550540924072
30.767513751983643
37.85581707954407
45.87558102607727
54.4371132850647
73.47088241577148
82.36366939544678
90.09481692314148
97.74830436706543
105.44733166694641
113.1473696231842
120.7143726348877
128.3751528263092
136.09636092185974
143.6496229171753
151.40049386024475
158.98568272590637
166.74210238456726
174.32086944580078
182.05719709396362
189.9373209476471
197.58189725875854
205.2486584186554
213.03571462631226
220.6448619365692
228.46230840682983
236.05107045173645
243.76692271232605
251.47132349014282
259.18427419662476
266.8869159221649
274.612487077713
282.343220949173
290.1090385913849
297.82789492607117
305.6941680908203
313.39619874954224
321.12897968292236
328.83159470558167
336.586434841156
344.0997462272644
351.77470445632935
359.4755549430847
367.2272503376007
374.7359685897827
382.5246047973633
390.087185382843
397.83403277397156
405.54069471359253
413.28175020217896
420.89103293418884
429.013925075531
436.72514247894287
444.41314792633057
452.0868442058563
459.79599165916443
467.557448387146
475.273464679718
482.7848470211029
