116.33359266351044
16.42538334900064
3.46309003826309
1.9058705939087304
1.842916722659993
1.8364988974599328
1.81172511705131
1.756562775308339
1.6264090663689785
1.3286263773529754
0.8523970528533482
0.5209494974640165
0.36058885792658657
0.32582330055379316
0.32107434004865354
0.3210743400479714
0.3189875290031523
0.31723578321475543
0.31649416303889666
0.3158093421950525
0.31549180138836164
0.3154149402500934
0.3153958575519482
0.31538633456284515
0.31538157836462233
0.31537682528482947
0.3153744501580604
0.3153732629273236
0.31537266939426445
0.31537237264888063
0.3153722242807362
0.31537221500730084
0.315371621575423
0.3153716123028971
0.3153716111437461
0.3153716111069116
0.3152961625712578
0.3152961625607986
0.3152216255186886
0.31522162551391375
0.3149353149192393
0.31493531491901194
0.31493531491901194
0.3135922722840405
0.3118874145798145
0.311013055510557
0.310486479038218
0.3100854602189429
0.3095809693722913
0.3090844068995011
0.30770579125942277
0.30648163090290836
0.3042339511609953
0.3013532955339997
0.30018358596976213
0.2921773454468166
0.2857539489746159
0.27676372705286667
0.2754750119190703
0.25463872241221
0.23913210116870687
0.2234425792400998
0.20937295615499352
0.19371551742528936
0.17906807030726668
0.1633214889361625
0.1523331896532909
0.14761719669331796
0.12129113424362004
0.11288088772107585
0.10284852024938118
0.09562192314842832
0.08921681002971127
0.08497949788056758
0.08012392306022775
0.0768485419253011
0.07589606933993309
0.0728809080217161
0.07117442762159953
0.069953445448391
0.0690838547338899
0.06840303635271994
0.06788717684594303
0.06746896843037575
0.0671406824353653
0.06686978594871107
0.06682180666393833
0.06660023659674152
0.06643748517421955
0.06630207382045228
0.06619308518747857
0.06609909866415364
0.0660206163076964
0.06595049712996115
0.06588965890455256
0.06583339197459281
0.06578271194575791
0.06573434076699414
0.06568925858709918
0.06564504670654969
0.06560258805347985
0.06555997371856392
0.06551794781353237
0.06547487006810115
0.06543128551334121
0.06538560094031709
0.06533801347359258
0.06528662668802099
0.06523080557212779
0.06516729508052777
0.06511149865923471
0.06500854733462802
0.0649012603932988
0.06478654647639814
0.06466486506519686
0.06453034538685642
0.06438111939542068
0.0643109613499746
0.06409857529160945
0.06386310598895761
0.06362529467378408
0.06337168820050465
0.06311190941028144
0.06283153471190417
0.06253888316678058
0.062217159543024536
0.06187169931763492
0.06147974250234256
0.061444419577583176
0.06088781598191417
0.06036782164619581
0.059815637465135296
0.059282258284383715
0.058711150982617255
0.058160219032288296
0.057569244473143044
0.05700156546981816
0.05639213259223652
0.05581153037769582
0.05518851691817872
0.0546033177231493
0.05397675928202261
0.05340189901312442
0.05278935590513356
0.05224941474784828
0.0516794875316009
0.05121347681392763
0.05073165142925973
0.050401498343944695
0.05008094550862552
0.046693995574742075
0.04236848362552337
0.04088934804394739
0.038962063911640143
0.03764389914294952
0.036616822442510966
0.03114955211412962
0.026853588028416198
0.022757140913881813
0.020221906662982292
0.01779800123017594
0.017140792174814123
0.011814481941200938
0.011590968259952206
0.01022397906194783
0.009711429415347084
0.009495610810745347
0.008805212752804437
0.008732416444672708
0.007966695434106441
0.007844316700129639
0.007613022543637271
0.0075836468224679265
0.007282968335857731
0.0072496765321830026
0.0071439796699905855
0.007101225206270101
0.007054087395545139
0.007028857397926913
0.006965930195519832
0.0069563170411584
0.006930078796813177
0.0069190152939881955
0.006906176669190245
0.006901487042341614
0.006882318272573684
0.006880165751226741
0.006871523541349234
0.0068682341270687175
0.006863747290253741
0.006862125826046395
0.006854868051050289
0.0068534221252321
0.0068498152097618
0.006847609135320454
0.006846530691973385
0.00684282474662723
0.006840602727834266
0.006839434810217426
0.006835437142854062
0.006832831047631771
0.006831065246842627
0.006826667729910696
0.006824701110645037
0.006816636977418966
0.00681303211172235
0.006811884414673841
0.006803070417163326
0.006798322193617423
0.006795844894895708
0.006785806255720672
0.006779041628988125
0.006773723960350253
0.006762154515627117
0.006752796231012326
0.00673176717214119
0.006718322657889075
0.0067084308004723425
0.00668473233736222
0.006668871083093109
0.006625389812825233
0.006600573314926805
0.006584701941619642
0.006537363936331531
0.006523311807313803
0.0064332434810694394
0.006397416322670324
0.006343652084524365
0.006274501783309461
0.006180668444585535
0.006124328829400838
0.005957098439239417
0.005874435781151988
0.005846141367328528
0.005659646610411073
0.00556086005144607
0.0055145318785889685
0.00531305952472394
0.005194680606564361
0.005135863373197935
0.004913506046023031
0.004777320108132699
0.004696880112305735
0.004468806697786931
0.004318282516351246
0.004235248692793903
0.00399555492390391
0.0038445806587787956
0.003762038103332088
0.0035334952112862084
0.003398846735308325
0.0033515737984544103
0.003124650600966561
0.003024688525556485
0.002904606248193886
0.0028000945237636188
0.0026322165142573795
0.002574228396269973
0.0024967214305888774
0.0024629449442272744
0.002349718345385554
0.002330102771111342
0.002282065401004729
0.002258730206904147
0.002235017077964585
0.002216350812204837
0.002185315842552882
0.0021778248478767637
0.002164548624023155
0.00215697910880408
0.0021548246786551317
0.002144154001825882
0.002140528317340795
0.0021355793426209857
0.0021344461408716597
0.0021269665410272864
0.002126057192299413
0.0021228556329333514
0.0021214488961049938
0.0021198618903781608
0.002118364548550744
0.002116160459308958
0.002115145443667643
0.002114812376703412
0.002112857347128738
0.002111900259023969
0.0021114112873874546
0.0021096794446293643
0.002109443713152359
0.0021065614221242868
0.002105585509980301
0.0021053778057193995
0.00210276914140195
0.002101475298331934
0.0021005946255172603
0.0020981947611744545
0.0020965965554751165
0.002092706179155357
0.0020919251815030293
0.002085551129994201
0.0020828392173370958
0.002081370542100558
0.0020755272691985738
0.002073195801131078
0.0020636047668176616
0.0020585536108228553
0.0020543523758078663
0.0020459491722704115
0.002036080257539652
0.002022687945554935
0.002008815687531751
0.0019878888138009643
0.00197177837117124
0.0019386295725780656
0.0019290568202450231
0.0018743945784081006
0.0018500883925298695
0.0018376472087311413
0.0017863989071429387
0.0017664714455349895
0.0016860192069998448
0.0016458086456623278
0.0016122114809604682
0.001551157932226488
0.00148519635285993
0.0013937322530637175
0.0013508558924968384
0.0012050738109792292
0.0011417083960623131
0.0011191758844688593
0.0009878641990326287
0.0009746842697495595
0.0007873272859342251
0.0007301536975319323
0.0007033704612240399
0.0005965037776149984
0.0005401684004482377
0.00050929094231833
0.00042756108337016485
0.0003874250185162964
0.0002898211523643113
0.00025281047010139446
0.00023133305717237818
0.00018486696671971004
0.00015702479299761762
0.00014145503496365563
0.00011096629941675928
9.544263843963563e-05
6.306196746663773e-05
5.321308049133222e-05
4.352385963102279e-05
3.169543788317242e-05
2.3138705728342757e-05
2.023244701376825e-05
1.2149828307883581e-05
1.0311589221601025e-05
8.039373369683744e-06
6.320490001598955e-06
4.1518730995449005e-06
3.4333252187934704e-06
2.7679759568854934e-06
2.01545867639652e-06
1.4317931800178485e-06
1.1704189546435373e-06
1.049615775627899e-06
7.738808562862687e-07
6.372654297592817e-07
5.732649697165471e-07
4.33768036600668e-07
4.05672608394525e-07
2.578487965365639e-07
2.3237021196109708e-07
1.9225831238145474e-07
1.7406023289368022e-07
1.3355884220800363e-07
1.2400482773955446e-07
1.1234101293666754e-07
1.0395933713880368e-07
9.27743712964002e-08
8.931124284572434e-08
8.586971489421558e-08
8.246706784120761e-08
7.933908818813507e-08
7.810604074620642e-08
7.707285476499237e-08
7.576636562589556e-08
7.487665243388619e-08
7.47320427763043e-08
7.378594091278501e-08
7.362564247159753e-08
7.336757334996946e-08
7.324661055463366e-08
7.29833118384704e-08
7.291328074643388e-08
7.283483682840597e-08
7.27582118997816e-08
7.268181434483267e-08
7.267271939781494e-08
7.258972800627816e-08
7.25699464965146e-08
7.254402589751408e-08
7.253493095049635e-08
7.245330380101223e-08
7.244125299621373e-08
7.24205619917484e-08
7.239441401907243e-08
7.236803867272101e-08
7.232142706925515e-08
7.22443473932799e-08
7.220660336315632e-08
7.212315722426865e-08
7.205585461633746e-08
7.196081242000218e-08
7.187213668657932e-08
7.155813364079222e-08
7.154426384659018e-08
7.118296707631089e-08
7.114977051969618e-08
7.072708285704721e-08
7.065682439133525e-08
7.015933078946546e-08
7.002904567343649e-08
6.94458321959246e-08
6.92139110469725e-08
6.852974365756381e-08
6.812661013100296e-08
6.731966095685493e-08
6.661070983682293e-08
6.564778232132085e-08
6.511959327326622e-08
6.167852006910834e-08
6.06569301453419e-08
6.007826414133888e-08
5.792708179797046e-08
5.608558240055572e-08
5.363654054235667e-08
4.949924914399162e-08
4.344860826677177e-08
3.949139681935776e-08
3.518789526424371e-08
2.9272086976561695e-08
2.0125071387155913e-08
1.9028448150493205e-08
1.3101271179039031e-08
1.1387328413547948e-08
1.0465555533301085e-08
8.138613338815048e-09
6.88578438712284e-09
6.267100616241805e-09
4.768025974044576e-09
4.228922989568673e-09
2.642536856001243e-09
2.2337189875543118e-09
1.7898855730891228e-09
1.3312728697201237e-09
9.231371222995222e-10
7.448761607520282e-10
6.100435712141916e-10
5.031779437558725e-10
1.5279510989785194e-10
1.1141310096718371e-10
