5.805169642478097
3.1310903003068886
1.0493056778302823
0.21781340271955704
0.07784356724596954
0.07111782099770222
0.09233144225554991
0.16710387754444841
0.29125816113412323
0.42329145772136456
0.4887127020556995
0.3395804676439661
0.09534939864442339
0.06851927961956243
0.057350971350728835
0.057350971350601146
0.05132167088249988
0.045993335832474766
0.043647502232354744
0.04143433830663818
0.04039401113572428
0.04014096456616381
0.04007806738283932
0.0400466685770382
0.04003098399909121
0.04001530790856499
0.04000747387050774
0.040003557784000804
0.04000159997337867
0.040000621126231775
0.04000013171683986
0.04000010112921239
0.03999814359877476
0.0399981130134495
0.03999810919027193
0.03999810907079008
0.03974900233456154
0.039749002305015595
0.03950247800727077
0.03950247799260769
0.03855188653182682
0.03855188653171082
0.03855188653171082
0.03176623265765494
0.05444173499566433
0.025371623890252507
0.041101814170893945
0.02906683546647828
0.04239047334646069
0.02508134647966247
0.042926804018581066
0.026008675442584245
0.04417911083259918
0.027310425394680805
0.08820025095317267
0.03206137098855322
0.05143926400950958
0.043268824338777816
0.1363543384977354
0.07856780258283219
0.09374826022367616
0.058629685269333626
0.0770100171707421
0.05383521116393568
0.07306212584319074
0.06601132558535498
0.09426684885190478
0.12240171613218276
0.042947593123331705
0.06617304657479627
0.028884802994051946
0.05219127242505255
0.025173936281836333
0.055622858271521414
0.03073858244642659
0.02711440028486543
0.04572491076933326
0.037622109528869505
0.0254272847316588
0.024979636647404817
0.018426968911792095
0.019375315836830977
0.015695979253313626
0.016805777225036417
0.014676326668659386
0.015594459141082415
0.020473958427928565
0.020748336488270094
0.01851902892673847
0.018998642310781636
0.017470128947509666
0.017850593279026467
0.01677997101603881
0.017063959808880647
0.016298612220775985
0.016501439228057403
0.01594359435230642
0.016082025496087317
0.01566770717893491
0.015756337013594926
0.015442752689157067
0.015493164485632935
0.015250987035306411
0.015271859783805585
0.015080351712682639
0.015077762483127578
0.014921487348096655
0.01489903866725895
0.014765224356751667
0.014723596540078753
0.016504735325597156
0.01621346266631041
0.01596257495066517
0.015835861985614076
0.015589186488829072
0.0154498017547115
0.01519778021456548
0.02018859492541478
0.01953138246921931
0.019368961931543225
0.018901279176604
0.018717426636792052
0.018252366348688855
0.01807135235190329
0.017582479044079252
0.017396831075685314
0.0168479363428599
0.016643890621219834
0.028266253768019473
0.02766010618141042
0.027048399508113576
0.027471012897048147
0.02691592661816461
0.027497418685355074
0.02702406278642431
0.02778651685766987
0.027412615278624923
0.028394665899796685
0.028152633208988167
0.029407484778561102
0.029350276215190995
0.030950030073641752
0.031158675280020153
0.033200163870894785
0.033793153017139796
0.03640604277952423
0.037550930794829886
0.04090966024439811
0.04283847376568859
0.04718066784584641
0.012079890578904056
0.03589119370482492
0.03425562141685271
0.04415727367798938
0.04509823933559669
0.05870518466107076
0.009939876326336186
0.05200531933208599
0.008958186811359991
0.03829387964153554
0.006877697729346698
0.064368156026366
0.014166438607092484
0.031182812221965964
0.005706653905772912
0.015517013449644729
0.015757563548250284
0.008921858006717577
0.019533204677865307
0.009141578317754792
0.008854894058590291
0.006026432399794708
0.012582933789222
0.0065735621350942915
0.006839017483941073
0.004803384460944212
0.004423165572303083
0.0039474986497742065
0.0062251760683202095
0.00422828921232882
0.004334238170048194
0.003669399485626548
0.0035767437590493363
0.0034097701589014084
0.004410770548396739
0.0035462781037364894
0.003664478420662199
0.003355233871060158
0.0033687902788631136
0.0032696662348920946
0.0037333949400397597
0.0033265357432013904
0.003411365318788339
0.0032597461576435714
0.003285323208330471
0.0035041625841687823
0.003240605995098723
0.0033300551322028886
0.0034818544477935296
0.003259202603328181
0.0033223214783485813
0.0034961923076424514
0.003259573099823332
0.0038311000687060595
0.003315799635911403
0.003441975605668084
0.0038884906430306965
0.0032972537165424374
0.003505504716514723
0.003832422168511923
0.00333570097976256
0.00343956847041295
0.003925063323413007
0.003278965318606815
0.004663269402089293
0.0033544302017911856
0.003795320119172203
0.004356562330029409
0.003430182324438939
0.0055767947210404335
0.0036466906227839145
0.004088869225215639
0.005704547951654363
0.0034620154364805606
0.007989955183885811
0.003882185792189523
0.005524080026800504
0.0033370965759272155
0.007343360502715467
0.0035799889250812994
0.010200042152797456
0.004248657121650109
0.00668158953697988
0.009777098567654751
0.004724668459339698
0.006280724056014767
0.010573918649442304
0.004227155712627123
0.006956586436559594
0.010178960679846059
0.004740109143135277
0.006304147107326173
0.010866810074381752
0.00403917252137328
0.007018119487324956
0.010227396426963487
0.004651109383865058
0.006160770415965862
0.010977655193019246
0.0038262066468545126
0.007038609003429678
0.010408504567379406
0.004618007922547842
0.006283141558556944
0.0031874968361172247
0.009255428645642468
0.004012674486986046
0.005354950676155111
0.002856565010780576
0.008057752891412527
0.003591532001537035
0.004823237990287917
0.002648013116747522
0.003132672638556156
0.0021950835250958856
0.004393991174004668
0.0024871631957843307
0.002933163371930552
0.0021579373884886752
0.0022972699109570444
0.0031820280086023284
0.0020679679594879357
0.002488663991498792
0.0020027924611033454
0.002996609430131086
0.002105057861183012
0.002414993614593031
0.0020439395663663954
0.0021708908349405234
0.002030759559679123
0.002321459019674269
0.0020634046275647866
0.0021412455789496083
0.0022649714971738977
0.0020830153025745775
0.0021237340581122697
0.0022556347926083894
0.0020810568984859132
0.0024440360642245407
0.002111753690344525
0.0021919966058632436
0.0023774522287412347
0.002111144458569304
0.0021736733024783957
0.0023115451679076426
0.002106781253745445
0.0025057586014104218
0.0021309126024021204
0.0028092874776630143
0.002175865049263307
0.0023134867648037473
0.0026581568056315416
0.002146997245616977
0.003081547550241065
0.0021907250543680033
0.002378920549284249
0.002738665005167939
0.002154807151914535
0.0031671083293558144
0.002189397306208006
0.0037134510318764854
0.002253226779988094
0.004565354443098418
0.0023822655006637303
0.005935785559712317
0.002657760577589805
0.0036572163883664935
0.005158453078580472
0.0025476591205170667
0.006695386921163663
0.002793434754224705
0.003521900051871673
0.005345918376394261
0.0022747382799825793
0.0069903753179248705
0.0025189487291774042
0.009465149215868331
0.0031094613058137905
0.005499451347450218
0.007768738429947449
0.0031995435726043125
0.010015162935534352
0.00357885702578096
0.0044224073068364735
0.007858825066768486
0.0021753219588994373
0.00434155815181423
0.005588256161223221
0.0024387294971187747
0.006763402317517395
0.002525873100946182
0.00260143548421372
0.0051591121394412385
0.001119812609261427
0.0027881627685115962
0.0031797774558086495
0.0015533269598447773
0.003835656303184302
0.0015464789454853781
0.0014443001294812499
0.0008826942488263766
0.0017026389085717719
0.0008395387328540869
0.0019316152510577389
0.000823461966702361
0.0007492691076837999
0.0004624077096375034
0.0009362045412446809
0.0004406759377973198
0.00035105842843434905
0.00025523322324193443
0.0004481423905268677
0.00023729180059514778
0.0001637746311111353
0.0004277170718939327
5.745403643095888e-05
0.00021844367575063285
0.00020870563526460777
0.00012007450585530054
0.0002636457141475847
0.00011691767227426498
0.00010433254116046937
6.547509158936799e-05
0.00013303801280765132
6.27824812743755e-05
5.225183352039135e-05
3.6336800143950736e-05
6.724805803604733e-05
3.4386664571513474e-05
2.6875076662336163e-05
2.1120958297473507e-05
3.455732842756914e-05
1.9862687893875868e-05
1.5228784449673287e-05
1.3647101979567599e-05
1.886171425278378e-05
1.2943198723408044e-05
2.28468683393877e-05
1.2754799777880521e-05
1.2059892233401527e-05
1.0087524872810811e-05
1.3767167030766177e-05
9.96843722497075e-06
9.611260236825136e-06
9.082330370421794e-06
1.0149801415858769e-05
9.016239573858698e-06
1.076557177640741e-05
8.99590432008107e-06
9.028351759476767e-06
8.737180173006358e-06
1.1214823125285263e-05
8.884615778925781e-06
9.156082343895359e-06
8.685060722292023e-06
9.227145494088269e-06
8.668633633098636e-06
1.0926567795393752e-05
8.739268873964963e-06
1.0940760716578097e-05
8.723641233293974e-06
1.0984054902861278e-05
8.694213509546267e-06
1.6527180375632436e-05
9.083565200567598e-06
1.7125269446830045e-05
9.134339092893793e-06
1.8105609730278786e-05
9.18588038061257e-06
1.9139346013088022e-05
9.237113734229013e-06
2.0203166138472008e-05
9.279668017150958e-06
2.125882696026221e-05
9.297763770826956e-06
2.2235730554488682e-05
9.261181482853954e-06
2.3001652412531407e-05
9.109423975674805e-06
4.823619146862997e-05
1.3965955520925722e-05
2.3503235633586124e-05
3.0189293766386175e-05
1.2594215805161432e-05
3.0509432251431255e-05
1.162985717524849e-05
5.3411149725659524e-05
1.5674969696914735e-05
3.8175313168018366e-05
1.4213711467458792e-05
6.702947487409722e-05
2.012421388839327e-05
5.2546747867132136e-05
1.9486532997302767e-05
1.7481901291874684e-05
3.8117524188692155e-05
6.27493742110729e-06
2.0623838262169523e-05
2.1716669681346764e-05
1.1509319769746036e-05
2.6331326122007352e-05
1.1228937091096962e-05
9.389971938213126e-06
6.4749827148973785e-06
1.1630054364078432e-05
6.14683389690011e-06
3.8751622514710995e-06
3.7791920968429404e-06
1.4202214800242411e-05
5.2681617144617605e-06
4.979755501367674e-07
