63.12432681614201
57.97792943698257
57.33240011230778
57.18302385742137
57.158211973075076
57.097418200002295
56.714127828654654
55.6218516841107
52.777037371911334
45.85147596169419
34.1703184613204
25.02957006956857
24.80272961864499
26.170983502916787
27.33063716932454
27.330637169322895
27.245743268200993
27.167347867090523
27.131887935063478
27.09768932214412
27.08129408692762
27.077269970041275
27.07626741693932
27.075766586020052
27.07551631934138
27.075266130284955
27.075141077680286
27.075078560765505
27.075047304647043
27.07503167717277
27.07502386357576
27.075023375231357
27.07499212197872
27.07499163365675
27.07499157261637
27.074991570708693
27.07100703938697
27.07100703891302
27.06704883574615
27.067048835510487
27.051635135705318
27.05163513570352
27.05163513570352
27.028368587532388
26.857945895451504
26.953349701026262
26.876310507249574
26.90798511805143
26.83674484200046
26.882736766573803
26.764374761328483
26.783310676348624
26.628307360874427
26.58728160760238
26.14452052345537
26.222560485438645
25.881033528946137
25.572100290789777
24.503456291095933
24.403294669021403
23.562444865596376
23.214632764105588
22.385998707452906
21.84203752261498
20.903950490093848
20.12180600095192
19.07761076227635
18.194780366772786
17.726749265781386
16.827286668122845
16.447574725366128
15.574830707975092
15.26074027417574
14.425184853884332
14.229174198708455
13.853956468935825
13.429695575970738
13.103382296831722
13.003095178180779
12.77390132587689
12.679642146732569
12.510752051082017
12.42982268024078
12.300399583095828
12.233236067415223
12.131590921905564
12.022324786257434
11.918213317549533
11.912394683406761
11.829857747719597
11.827809878431257
11.761302720534179
11.762227297007591
11.70762653232511
11.710733638069525
11.66515089987179
11.669732850703696
11.631102910182213
11.636552871339603
11.603374147674131
11.609172206526784
11.580336568961439
11.5860200169116
11.560695753630029
11.56581445567322
11.543358002663929
11.547397997439745
11.527266420951014
11.529474449743667
11.51105508758164
11.508640242198224
11.475143450667163
11.485751397290775
11.454278738635818
11.461902069763102
11.432109074459301
11.435212335721697
11.37676017529496
11.402550377785152
11.344484663650293
11.364883682074618
11.308575902459225
11.324795067132984
11.269508757195187
11.280604285473927
11.225403073810938
11.229553988850641
11.172719094801467
11.159460769376134
11.048388689377388
11.081836110552999
10.966825751166526
10.998261923481047
10.880630449066949
10.910305056063232
10.788845889036418
10.817546399771183
10.690934248102932
10.719746743607315
10.586513909882385
10.616960318968271
10.475434177568427
10.50963862476914
10.357833611328669
10.398709570772454
10.234142712783981
10.28560038860903
10.104997767612389
10.172193467788524
9.971060577782524
10.014009715472795
9.431825722805275
9.405906723393548
9.01163650869642
8.991917799875264
8.54058140116653
8.573523859070365
7.599353020889963
7.647296137675605
7.013635703791096
7.018714608248725
5.908643847089845
6.078477694980321
5.7835290244927435
5.820865234586276
5.637829098826273
5.613580735574337
5.496586272686239
5.389040802536601
5.28466057389455
5.262762744692479
5.2043506740994845
5.145223567349322
5.088950721112084
5.079969493350755
5.046228023238246
5.032902322688715
5.011024194876496
4.9833481030063105
4.9610325748702335
4.956607473609488
4.942088607475376
4.936350269707612
4.92641707666619
4.914448876008143
4.9035477891443415
4.902030389521786
4.894648194562112
4.892270110370629
4.887079905544295
4.881434840033496
4.87537539206756
4.874660847643634
4.870458273586296
4.869041411469971
4.862973311696318
4.8640745418486695
4.859419080371816
4.859713331978503
4.855790606250918
4.854969711932707
4.849292376399364
4.850486378265126
4.8415787050983115
4.844122878112457
4.838669186732151
4.840414570663135
4.835141456621783
4.834972251309998
4.8273606472169375
4.829622918260032
4.823516700690758
4.824354168293941
4.818529167074804
4.814974370847411
4.806901750678654
4.80508535623378
4.792438747498619
4.794222468262289
4.771512942777306
4.775207385249856
4.759604568670863
4.757672395415199
4.743730740654769
4.727764749398868
4.708731221241731
4.7002715371266035
4.684296138543924
4.654110503450022
4.631829154075959
4.58746319709289
4.557048858635015
4.530493453045856
4.474945968799534
4.468068509798977
4.41354135823042
4.383431899821439
4.343714961077456
4.300138614801086
4.2272997540298265
4.209936744150843
4.1366147257480606
4.084051748097552
4.035514137556903
3.9693069375876813
3.8781435641033686
3.8479790309205155
3.75739085516742
3.684211645978338
3.6319205497603684
3.5517620257506355
3.4581730939019315
3.423712491607169
3.337015163947155
3.3018330753331844
3.14335665327563
3.112867473509215
3.0429861572772725
3.0135588274922616
2.893596655937757
2.870632757665004
2.82349335241008
2.8032040429375447
2.7636653899205537
2.7460759527940133
2.6793424349793735
2.665793902513578
2.64112295264124
2.629779055314099
2.6092326403769714
2.5903438627385094
2.582578054588902
2.5668637049859395
2.5603401270079695
2.5342751955129335
2.5298227229285213
2.5199902598927717
2.516129367297212
2.5079610511681523
2.504578225790874
2.4905216420759735
2.487983968091587
2.482145545238778
2.477387459364796
2.47463933150323
2.4702900974214677
2.4655449355188943
2.4638320465503063
2.455438053756253
2.4542055385651036
2.45041480879629
2.4476871818602426
2.4456378880265457
2.4428389927309584
2.439237747671048
2.4380981852322887
2.4312892650665763
2.4303178135109325
2.4228728171652145
2.4220795201225664
2.4180257611857066
2.415328355142792
2.4126816897681844
2.4057436311392686
2.4026432838064156
2.3986277004996834
2.3924854438072614
2.390499112248234
2.377024139904335
2.374528184876483
2.3551593419380716
2.3516676977188196
2.3243807816625144
2.319896195664745
2.2831538028395775
2.27821633990727
2.254929957246206
2.2376471708083376
2.2215487800704588
2.1750367136002953
2.155204742628026
2.1263630292131888
2.0845058842964095
2.0696320744897028
1.9754513412707004
1.959345291373071
1.8316383653014314
1.8167678732191708
1.7398051241265269
1.6905739419815653
1.6390893132908348
1.514274219611696
1.4558227591517736
1.3936722317804002
1.2959239811252925
1.2769367255746662
1.187341223146052
1.132629097518537
1.0741995260808281
0.9412088155013545
0.878385120007654
0.8193504792829002
0.724546123210688
0.710817054316101
0.6319645342930168
0.5915161324523144
0.5433389776728359
0.45148413311891217
0.4041575788303414
0.37208523927474246
0.3412131962943068
0.2752331932045419
0.24626909375086362
0.20173507100174015
0.17482090476434775
0.16190856207939042
0.14572116483648428
0.11804767675373788
0.10318132307495617
0.09503092460783522
0.08599822600899774
0.06939859323249582
0.061391996229630805
0.05650017418310876
0.046860690482408755
0.046849438069296354
0.040362575571820235
0.038523261412752564
0.034805978131305454
0.030287481077357264
0.02707265483348982
0.026047229733322342
0.024344927928993013
0.022143587474877963
0.0208149907141408
0.0203268132291473
0.019649217015167093
0.018725506333285312
0.018245403178336853
0.018044146626936847
0.017804025573042823
0.01745555120745424
0.01729534929930731
0.017218464964098457
0.017137920443130557
0.01701159059631392
0.01695937207653084
0.016904020949748227
0.016867812254253805
0.01685684218787763
0.016839593989975622
0.01681764782137553
0.01680573811824768
0.016800423940763733
0.016794330423057616
0.016784158437210914
0.01677983114324706
0.0167733758057019
0.016770141574728205
0.016767851499160775
0.01676589391638969
0.01675631900695575
0.016754699202992388
0.016752577378532047
0.016751256395368817
0.016746525865229803
0.01674501325197251
0.0167313806084835
0.01672941089972301
0.016717724476601838
0.016715014750389678
0.01669965320900037
0.016695806457474344
0.016651374980001424
0.01664669175721026
0.0166092279014322
0.016602461729215583
0.016556796933891605
0.016548445967872714
0.016491917824514417
0.016481384507247003
0.016410406451925125
0.016396782908595347
0.016305929882151207
0.01628775321530074
0.016168226713168872
0.016142892092133945
0.01597898048317972
0.015941146937298915
0.015463761710787657
0.015428678939477277
0.015234557647883219
0.015086379376821682
0.01495867991813078
0.014560177679839914
0.014396287611237079
0.013235276691481283
0.012926655671578396
0.012022517433673496
0.011632047803099151
0.009334491873291809
0.008700698994336656
0.007585774971064164
0.006970616876668541
0.006504210840805429
0.0056691918003635025
0.005593102239095567
0.00492088434164791
0.00463459580738143
0.0042065173398622355
0.003504685092742596
0.003081059024595071
0.0028474512982632
0.002583127847260087
0.0020820846628317445
0.001828139135461999
0.0016659192302289935
0.001504559634391385
0.0008678714934908119
0.0006486611677396001
0.0006485073387490829
