12.369256496429443
18.59671902656555
25.269591569900513
32.01005506515503
40.707955837249756
47.26022791862488
53.76800084114075
60.411948919296265
66.96341967582703
73.5156455039978
80.02966284751892
86.99666285514832
93.55234956741333
100.06889867782593
106.58193683624268
221.23695039749146
248.2986238002777
275.4790847301483
304.9101116657257
334.5903215408325
366.5430932044983
402.7300763130188
443.8253266811371
487.19144916534424
532.7899594306946
578.4657626152039
625.6214511394501
675.0159072875977
726.8419063091278
780.942390203476
839.0991039276123
905.9272763729095
959.6965057849884
1026.6146256923676
1101.1764743328094
1187.7012465000153
1224.5819175243378
1315.3218579292297
1352.0555486679077
1444.7594754695892
1476.6140429973602
1584.661405801773
1703.823715686798
1710.4217483997345
1721.5632226467133
1732.8122415542603
1744.0333597660065
1755.2133858203888
1764.481501340866
1773.429577589035
1784.6511189937592
1793.651654958725
1804.9238958358765
1813.9283010959625
1822.8409156799316
1834.0688157081604
1845.1964864730835
1854.0501472949982
1862.9499816894531
1874.0604791641235
1885.542221069336
1896.7968707084656
1908.0287461280823
1919.3345892429352
1930.705662727356
1942.1139376163483
1953.3930995464325
1964.6412026882172
1978.0855927467346
1989.2261991500854
2003.1872174739838
2014.4267463684082
2027.9180464744568
2039.2171201705933
2052.712700843811
2066.1772384643555
2077.57780790329
2091.101028442383
2104.701039791107
2118.293890953064
2132.017561674118
2145.41374707222
2158.964863538742
2172.4111230373383
2185.8772587776184
2199.276098251343
2210.3890509605408
2223.9706876277924
2237.5035693645477
2251.426420688629
2264.8777508735657
2278.3230028152466
2291.8155283927917
2305.4830524921417
2319.129610300064
2332.7217485904694
2346.397057056427
2359.9511291980743
2373.8849201202393
2387.2793502807617
2400.702852010727
2414.144142150879
2427.687928676605
2441.2090537548065
2454.737550020218
2468.292240858078
2481.9973769187927
2495.583815097809
2509.1571838855743
2522.796902656555
2534.1382236480713
2547.637753009796
2561.072157382965
2574.4789006710052
2588.151676416397
2601.944974899292
2615.5352354049683
2626.7367837429047
2640.291089773178
2653.9163222312927
2667.3052587509155
2680.807672739029
2694.3221945762634
2707.877233028412
2721.493711233139
2735.023234128952
2748.4935669898987
2762.0292518138885
2773.2536516189575
2786.7187824249268
2800.2089986801147
2813.7810101509094
2827.373714208603
2840.8955895900726
2854.5184547901154
2867.9048936367035
2881.3794968128204
2895.0798456668854
2908.6096193790436
2922.1440415382385
2935.7317769527435
2949.3233902454376
2963.0457711219788
2976.580129623413
2990.0736005306244
3003.583028793335
3017.0435886383057
3030.4965405464172
3043.9577271938324
3057.46804356575
3073.293138027191
3079.839030265808
3093.5688920021057
3107.0960381031036
3120.6910030841827
3134.268705844879
3150.067779302597
3158.9012081623077
3174.7058322429657
3186.0703797340393
3202.289237976074
3211.3478219509125
3227.1358234882355
3240.6814692020416
3256.485246896744
3269.95773935318
3283.4735357761383
3299.3779306411743
3310.6296305656433
3326.7081429958344
3340.12029337883
3355.9196150302887
3367.037204027176
3382.8754184246063
3396.403682947159
3412.1218078136444
3425.7531938552856
3441.7439415454865
3453.1072628498077
3468.983373641968
3482.6457929611206
3499.3723483085632
3512.9796538352966
3529.5806345939636
3540.790690422058
3556.60213637352
3570.2797060012817
3586.1218633651733
3599.552839279175
3615.2041025161743
3626.2934777736664
3641.9635298252106
3655.3530337810516
3671.096694946289
3685.032928943634
3698.438887357712
3714.0428590774536
3727.523144006729
3740.934128522873
3756.659054040909
3770.0947329998016
3783.650851249695
3799.4028639793396
3810.7577183246613
3826.648895263672
3840.2575418949127
3853.7855036258698
3869.6767387390137
3883.2251608371735
3896.8544256687164
3912.742106437683
3926.6065571308136
3940.177494287491
3955.9856719970703
3967.1657679080963
3982.895157814026
3996.431428670883
4009.9687917232513
4025.8191289901733
4036.938082933426
4052.955731153488
4066.434360265732
4080.0561878681183
4095.934511423111
4107.022434234619
4122.6860435009
4136.167754173279
4151.713479042053
4163.174296379089
4178.802097797394
4189.817550420761
4205.49245929718
4218.818536281586
4232.164988994598
4247.806571722031
4261.237942457199
4274.538119316101
4290.441581726074
4303.714179992676
4317.068325519562
4332.600036621094
4345.872696399689
4359.213397026062
4374.842965126038
4388.216532230377
4401.48360991478
4417.142541646957
4430.3750813007355
4443.607053518295
4459.013260602951
4472.182701587677
4485.4693558216095
4501.11440038681
4514.4397802352905
4530.273866415024
4541.282340526581
4556.889702320099
4570.176632642746
4585.773260831833
4596.817595005035
4612.393848657608
4625.698768377304
4641.315255880356
4654.87456035614
4670.440299987793
4681.566622972488
4697.266738176346
4710.581485509872
4726.127489328384
4739.418708324432
4752.774132490158
4768.590678453445
4781.895281076431
4797.425124883652
4808.440761089325
4824.032166481018
4837.31400680542
4852.917962312698
4866.230861902237
4882.0891280174255
4893.116740465164
4908.611407518387
4921.890171051025
4935.103643655777
4950.552666187286
4963.724472284317
4977.057556152344
4992.70211148262
5004.076765298843
5019.748555183411
5033.130514621735
5046.538702487946
5062.164505958557
5075.53523516655
5088.822117328644
5104.507332324982
5115.584472417831
5131.677777051926
5142.761640548706
5158.440408945084
5171.791418552399
5185.110908031464
5200.747442245483
5211.855833768845
5227.478391885757
5240.800379514694
5254.532028675079
5270.146660089493
5281.213263273239
5296.9191427230835
5307.918693780899
5323.445157527924
5334.911610364914
5350.504990816116
5361.529541730881
5377.377715110779
5390.7586879730225
5404.08313202858
5419.833770513535
5430.878405570984
5446.528483867645
5459.89767074585
5473.196392297745
5489.151333093643
5500.158347129822
5515.699290037155
5526.648681879044
5542.02025270462
5555.28033041954
5568.618107318878
5584.281969308853
5595.374960422516
5611.757143735886
5625.039039611816
5638.4320821762085
5654.026912927628
5667.3889582157135
5680.728154659271
5696.393858671188
5707.462160348892
5723.275263547897
5736.612387895584
5749.923249959946
5765.595050573349
5778.901052236557
5792.141854047775
5807.673074245453
5818.82421708107
5834.365823507309
5847.902848482132
5863.456057310104
5874.505983114243
5890.185759305954
5901.313569545746
5916.888985872269
5930.241886854172
5945.758729219437
5956.697566509247
5972.669620037079
5986.002755641937
6001.536082983017
6012.561896562576
6028.172183513641
6041.4623811244965
6054.75360417366
6070.350914716721
6083.769509792328
6097.096599578857
6112.61031460762
6123.712439775467
6139.286012887955
6152.592590808868
6168.095445871353
6179.305236339569
6194.91903758049
6208.326321601868
6223.879202604294
6234.893901109695
6250.534988641739
6263.887912034988
6279.575653791428
6290.677178621292
6306.224042892456
6319.5296540260315
6335.1911008358
6346.195830821991
6361.724451541901
6372.711183786392
6388.2404589653015
6401.4632959365845
6416.98148727417
6428.0067303180695
6443.749498128891
6457.3763201236725
6473.23745059967
6484.593423128128
6500.643512248993
6511.835349082947
6527.577812433243
6540.998397350311
6556.665315151215
6565.8073172569275
6581.589126825333
6595.083537340164
6610.915507078171
6622.122753620148
6637.907985925674
6646.77730178833
6662.714214086533
6673.873768091202
6690.196923971176
6701.462564468384
6717.257199764252
6726.183669090271
6742.07848238945
6753.431526422501
6769.1366267204285
6780.400608301163
6796.186463832855
6807.77890253067
6823.706219911575
6835.002993822098
6850.923033952713
6862.073176860809
6877.812113046646
6889.064161300659
6904.909530162811
6916.118506669998
6932.142659902573
6940.944317817688
6956.6422662734985
6970.035950422287
6983.498765707016
6999.354588985443
7010.581896066666
7026.4783663749695
7035.349034309387
7051.3506598472595
7062.381992101669
7077.982934951782
7086.752062320709
7102.561571598053
7113.650468349457
7130.051111459732
7143.449489355087
7156.815333843231
7172.704154491425
7186.05118560791
7199.4665269851685
7215.094824790955
7226.16428732872
7241.756717920303
7255.0784158706665
7270.643748044968
7281.7964634895325
7297.439646244049
7310.739403963089
7326.281363487244
7335.039272546768
7350.605907678604
7366.187669277191
