1281.8081178573025
348.60915756506915
78.94468364229874
74.58030056899361
16.110272128353472
1.4762556109928937
0.5968198566306455
0.542900737095124
0.5127690672809422
0.5091976622722996
0.5077289842954542
0.5028873247085812
0.5021035430927441
0.501914020274171
0.5014839974467122
0.5011931155131606
0.5004266917178484
0.49996297851271265
0.4996050205479605
0.4987965900625113
0.498139668300837
0.49670197914656455
0.4965786196760291
0.49392414838530385
0.4930193189361489
0.4915224323272014
0.48977517799676207
0.48717135539141054
0.48560863704892654
0.4810092778145645
0.47852143323416385
0.4771932056253263
0.47212017201854906
0.4715339308067996
0.46196022562799044
0.4588117756682095
0.45347386843559434
0.4478426071718786
0.4386740548570742
0.4354387123246397
0.4197057696283082
0.4137189737123208
0.4134893280659071
0.39670352204757364
0.39074664718350505
0.38061470170396206
0.3754011414960132
0.35650017455304805
0.35025478610191385
0.3384584933721726
0.3294965480802148
0.32534906845603473
0.31049857360630995
0.3027818928665056
0.2926515225426556
0.28659321389909564
0.26823413700526544
0.2652134249831306
0.25350028926095547
0.249675141487387
0.2413553495641736
0.23742508063651258
0.23130833808681928
0.22766677656250067
0.22305847959432867
0.2199333069977456
0.21641106017318634
0.21392579356847818
0.2112112139313922
0.20940106309853945
0.20728632203235975
0.2061098893518647
0.20442445711751134
0.20379369058787233
0.20239539136287021
0.20221318376070485
0.20098586024869292
0.2004144740724314
0.20001691595552984
0.19953623411925037
0.19935405842284126
0.19891602581083134
0.19867729458837857
0.1984724377098246
0.19826627064094282
0.19814116728844056
0.19795657127474442
0.19789607732855075
0.19772017513878382
0.19762363822201223
0.1975311653020526
0.19743923557871312
0.19736137404652254
0.1972695909396407
0.19720185990513528
0.1971072242106402
0.19704566112181965
0.19694542135903248
0.19688669328547803
0.19677822979292614
0.19671941583737862
0.19660012738904697
0.19653850242730186
0.19640570090268739
0.19633852028664478
0.1961893306922775
0.19611359623240787
0.19594485567631637
0.19585703085613204
0.19566517681664664
0.19556080166125867
0.19534173391707554
0.19521485764312274
0.19496374463915345
0.19480603007195896
0.19451699816977452
0.19431621533658472
0.19398177756443147
0.1937190867370191
0.19332894055287397
0.1929735362205065
0.19251164394040643
0.19200878739547989
0.19189599623200593
0.1908203483176294
0.19072055049332448
0.1894653932597521
0.1887277842702133
0.18870623107386564
0.18651966252423335
0.18539282682013436
0.18455030333961986
0.1832298147974143
0.1821385089792784
0.18058865341390629
0.17915445936887409
0.1773194727286409
0.17538153362579578
0.1752336068141176
0.17093744793987753
0.16842293845206768
0.1658271439953296
0.16283354688630425
0.1620497376613912
0.15372759954789217
0.1493656291786465
0.1466111351157906
0.14154539375999775
0.13895702793070086
0.13315496406357852
0.13123738739363944
0.12452997455920922
0.12401292460731383
0.11607517825200375
0.11146783552658235
0.10782436194403999
0.10259278725516197
0.09948238395213593
0.0935328233472319
0.09191992319938436
0.08496568005853078
0.0807080580245838
0.0771981986447372
0.07244807682332066
0.0702344636961243
0.06482077446139556
0.06131186602124217
0.05823483239100824
0.05446026711661034
0.05287923978926301
0.04862081008218411
0.04595362327540897
0.044172508033852864
0.041282731626324676
0.0393314761693091
0.03769927205826207
0.03568263614852185
0.0353758386595473
0.033013820512451275
0.031638124409710144
0.03143860589761971
0.029808182545366435
0.028846776091995707
0.02817860092295632
0.027600397873129623
0.026934073163829453
0.026467547797437874
0.026094862968875532
0.025628467841215752
0.025312907587931477
0.025094457906789103
0.024772768000957512
0.02455858549160439
0.024447188922749774
0.024218899367951963
0.02407439231524222
0.024028734841294863
0.02386595053280871
0.02376603643551789
0.023695359190014642
0.0236377746728067
0.023567541373722634
0.02351898155870913
0.02348720926624992
0.02343618751115173
0.02340231440939533
0.02338514764505817
0.02334761043130129
0.023323034361283135
0.023313770120694244
0.023285010700192288
0.02326659536288389
0.023260767881765787
0.02323837723906763
0.02322384675289868
0.02321896280091096
0.02320079180412904
0.023188802667164055
0.0231830324303246
0.02316794168564229
0.023157344319088224
0.02314940732935611
0.02313603050720303
0.023133529982715118
0.02311528626296422
0.023103109965177282
0.02309629386195411
0.02308005821350889
0.02306795765980496
0.023055259342299905
0.023039098833805838
0.02302625081210863
0.023004501279274336
0.02299612266551776
0.022966048383750604
0.02294452361797994
0.022924550232573893
0.022895404652444995
0.022877376438373176
0.02283730184876731
0.02283213043892829
0.022774768908902843
0.022735614934617843
0.022710819006078964
0.0226569821609246
0.022646607811566355
0.022570541159439017
0.022518601690080686
0.022480083267055306
0.02240942790376721
0.022385221835520497
0.022286288958866862
0.022215286797518274
0.022151716807456978
0.02205509809959949
0.021995785120907385
0.021864570677735173
0.021840035842387806
0.02165670576141565
0.021533390766990124
0.021439567138713755
0.021274303073596457
0.02121014528847809
0.020982747969583215
0.02081916741076384
0.02066222646863025
0.020443512697738697
0.020280708987002072
0.019993086467366084
0.019871721932986475
0.019490691097871604
0.019226502648962196
0.0189429969543653
0.018602095773076144
0.018293948166046903
0.017855490442798327
0.017590921420151062
0.017029359800289967
0.01692052059274829
0.016185196139304026
0.01570947094182884
0.01533617780410168
0.01475606085682557
0.014427316280261948
0.013745484511446193
0.013535402846855504
0.012736914261950005
0.012254435014710907
0.01175156154454271
0.0112177533128488
0.010725194544875194
0.010144165139536199
0.009728074013992227
0.009113564175322608
0.008824129273534709
0.008184703147435357
0.00804351817373572
0.007385530474493862
0.007026902825828074
0.006697445271811375
0.006364883268588528
0.006080406651562953
0.005795623833819263
0.005566149951391708
0.0053318018597110495
0.0051567669477208256
0.004970202933918699
0.0048424170727230376
0.004697867532058808
0.004607412286986801
0.004497915113461204
0.00443509021488353
0.004353730448883653
0.004310481711399916
0.00425103272209526
0.004221272727363612
0.004178457587840967
0.004157840740845131
0.004127378452722041
0.0041129077555979165
0.0040914435790000425
0.004081091626176203
0.004066071166562324
0.004058477726175624
0.004048002088893554
0.004042253723810063
0.004034938441463964
0.00403041495405887
0.004025264472829804
0.004021532550268603
0.0040178338399528
0.004016972828821963
0.004009599204664482
0.00400708178858622
0.004004901717280518
0.004004126782547246
0.004000665102694256
0.003999285882400727
0.003996737929583105
0.003994889927980694
0.0039943441145169345
0.003990664318735071
0.0039891695023470675
0.00398637079274522
0.003984081345151935
0.003982859257348537
0.003978633385031571
0.0039759606604548026
0.00397535142678862
0.003968944942471353
0.003966278898587916
0.003961333574125092
0.003960013892310599
0.003948749044639044
0.003945847027353011
0.003937570027346737
0.00393194143157416
0.003930084368221287
0.003917125884299821
0.00391057403362538
0.0039004460472824576
0.0038906217953353917
0.0038695103246482176
0.003857052042349096
0.003853150239592651
0.00382386687010694
0.003809900103988184
0.0037871269328206836
0.0037728172997049114
0.003723349774872986
0.0037036808196262427
0.0036660668342847202
0.0036585911363999912
0.0035733941072066955
0.0035534466455828806
0.0034916684410291055
0.003452248309031347
0.0034437299691489898
0.003348337939087287
0.00330515092900896
0.003236700507613932
0.003168860180721822
0.003037229699884847
0.0029564579347152176
0.0029072059467125655
0.0027643676955904084
0.0026694504958868492
0.002642721369284118
0.0024382897875057097
0.0023402371671181754
0.002314741964028144
0.0020878152927252813
0.0019971839710706263
0.001853215091614402
0.001799348920940247
0.0015252843741109245
0.0014573283697245643
0.0012924514176120283
0.0011888912117683503
0.001153625088136323
0.0009677054094936466
0.0008765780896737851
0.0008297074093661649
0.0006877708676711336
0.0006133125611995638
0.0005958134793218051
0.0004609149625594
0.0004061292918322579
0.00038315607002914476
0.0002962292298889224
0.0002580562650109641
0.000251368411227304
0.0001820715915528126
0.00015732111432953388
0.00014812585118306743
0.00010934231772807834
9.383519022776454e-05
9.08232725578273e-05
6.429277846109471e-05
5.502104886545567e-05
4.58547381185781e-05
3.4563518966024276e-05
2.655216098901292e-05
2.3353392634817283e-05
1.6230801747951773e-05
1.4458925079452456e-05
1.2452031342036207e-05
1.0710464039220824e-05
8.847387789501227e-06
8.168556178134168e-06
7.588930884594447e-06
6.8572435338865034e-06
6.366278739733389e-06
6.263600653255708e-06
5.767589527749806e-06
5.680121375917224e-06
5.545702379095019e-06
5.481060270540183e-06
5.345975750969956e-06
5.312835128279403e-06
5.273777787806466e-06
5.243290843282011e-06
5.206192554396694e-06
5.193619017518358e-06
5.181898586670286e-06
5.168323014004272e-06
5.157846999281901e-06
5.155921144250897e-06
5.144793931322056e-06
5.142481768416474e-06
5.139277845955803e-06
5.136526851856615e-06
5.1333120154595235e-06
5.132382284500636e-06
5.128915063323802e-06
5.127663143866812e-06
5.126826636114856e-06
5.1250030992378015e-06
5.123221853864379e-06
5.121173899169662e-06
5.119827619637363e-06
5.1132797125319485e-06
5.111291329740197e-06
5.109665153213427e-06
5.106365051688044e-06
5.103147941554198e-06
5.091877937957179e-06
5.09107053403568e-06
5.0784835821104934e-06
5.076484285382321e-06
5.061994215793675e-06
5.057744601799641e-06
5.041121312387986e-06
5.032777380620246e-06
5.013748477722402e-06
4.9976563332165824e-06
4.975634055881528e-06
4.951152959620231e-06
4.878827439824818e-06
4.873431635132874e-06
4.788035312230932e-06
4.780962626682594e-06
4.678473260355531e-06
4.67035988549469e-06
4.546522632153938e-06
4.4924252051714575e-06
4.442441195351421e-06
4.4082953536417335e-06
4.284245960661792e-06
4.197057478450006e-06
4.0488923787052045e-06
3.918651145795593e-06
3.7391218938864768e-06
3.5549778658605646e-06
3.3358146538375877e-06
3.0998612601251807e-06
2.831417305060313e-06
2.59041553363204e-06
2.2577769414056093e-06
2.1340047169360332e-06
1.6971423519862583e-06
1.5358859855041374e-06
1.4790593922953121e-06
1.1816521237051347e-06
1.114259248424787e-06
7.898804597061826e-07
6.896891591168242e-07
6.332184057100676e-07
5.007007075619185e-07
4.2477790884731803e-07
3.8202779251150787e-07
2.988335836562328e-07
2.5332860786875244e-07
1.6805961422505789e-07
1.407693162036594e-07
1.152013737737434e-07
8.25227743916912e-08
6.012555786583107e-08
5.270226210996043e-08
3.099262357864063e-08
2.6508814698900096e-08
2.01860075321747e-08
1.696821527730208e-08
1.0277744877384976e-08
8.71841621119529e-09
6.69092514726799e-09
5.544052328332327e-09
3.4042386687360704e-09
2.8908289095852524e-09
2.228262019343674e-09
1.860598786151968e-09
1.1548308975761756e-09
9.904397302307189e-10
7.698872650507838e-10
6.598384061362594e-10
4.210960469208658e-10
3.7061909097246826e-10
2.958131517516449e-10
2.653450792422518e-10
1.8280843505635858e-10
1.659827830735594e-10
1.4165379980113357e-10
1.325588527834043e-10
1.0436451702844352e-10
1.0027179087046534e-10
9.026734915096313e-11
