19.464821900766633
15.292225140530675
7.249971148850373
7.037233294910962
3.2454535539876552
0.8125940981249066
0.22987653238147177
0.09134982284579841
0.04292132511170429
0.03946677012483216
0.035508403311913565
0.07292278821406167
0.048303410637883445
0.06575107783998292
0.0507123723803657
0.0713095397180586
0.04906554296666649
0.06355712827865254
0.04091304772443348
0.059258127426168344
0.035837536446945886
0.06137821010052438
0.03175569399110462
0.06521417959498349
0.03697961911010728
0.05999793899027915
0.03229060435034102
0.062334844760039254
0.03173816479482421
0.06664332368612871
0.03306242655484712
0.09463249840562138
0.03863333456262426
0.11879805647227303
0.03292048171493951
0.08936871699251507
0.03787902618341449
0.10752776627867046
0.0327447755440967
0.13309175347734087
0.02744176068483544
0.09566283743389876
0.06809268745574054
0.07468218690280289
0.04021830662609759
0.060818394214459046
0.07877614494025659
0.07289812678785247
0.04910788233136166
0.05882640401561588
0.03147248686447555
0.11003377699076665
0.022942131707429696
0.08367082469562727
0.019644377260921234
0.12310238921142587
0.030386081198109993
0.09514239691162546
0.02490779846867224
0.07776766959763286
0.021536856882818377
0.06457262185896791
0.019606627717412773
0.05454340434696958
0.018627056462111713
0.047044149698413765
0.01827331642294892
0.04164935572906332
0.01833526994812647
0.03801156607466415
0.01867358370536473
0.03579334196184209
0.019196611481696563
0.03468046112155783
0.019851221218085625
0.034424655070181026
0.0206153439182122
0.0197871573069964
0.021502655971393014
0.019929185912019438
0.022558484868163226
0.020178271574906852
0.018120998423701955
0.02041880967031491
0.01838876473365473
0.020629285200252902
0.018651106544393857
0.020936258663481085
0.018913440715135163
0.018601875262981207
0.019165104829850014
0.018696225807026935
0.01939276027589793
0.01878646975547019
0.019617959382418337
0.018871327573170855
0.019844313875498357
0.01895119944828276
0.020074935238154134
0.019026846147337448
0.02031269027995185
0.019099156979139078
0.020560138431910575
0.019169018645953273
0.020819405807070545
0.019237213631032105
0.021091966397202674
0.01930431089335929
0.021378284333550632
0.019370517575799
0.02167724283627436
0.0194354540331653
0.021985234503005376
0.019497795481594315
0.02229469234940203
0.019554684368498564
0.022591651498585243
0.019600738029098258
0.022851524051183784
0.01962630598234532
0.023031308775789017
0.019614236557826337
0.023053915702027035
0.030145381958145947
0.023457827003721524
0.032155726138231006
0.02428547800529058
0.019923579307933894
0.043836404168529186
0.02687299508060451
0.02212712582172633
0.02828297879236269
0.022335560875337977
0.02902627762169011
0.02251766754758849
0.029632043720611113
0.022608822030605647
0.029970671460377036
0.054422154486322025
0.0315396810600907
0.0236760422889491
0.03335831046532764
0.023693597773744912
0.07629053720589098
0.0452323905603663
0.027213701017183303
0.05093605729614432
0.028925180722592442
0.05612639298691335
0.03146147398621714
0.0630780625972661
0.0351186220852435
0.07245008739426928
0.04029729545231161
0.026916801264538725
0.046267447422698366
0.029352361180452674
0.053041238884086225
0.033196235798657936
0.06298989839188841
0.039044672071604995
0.022784473112189813
0.04658439254004018
0.026119507815632402
0.05578851250333886
0.03154767964932377
0.021663133136586986
0.03870550922786711
0.025267252386811864
0.048360951301046895
0.03113666361249803
0.01830575251603204
0.03953306816983568
0.0229481461799875
0.016505740207094187
0.029616267505397326
0.020123220132223143
0.039158231869397125
0.02591286453557714
0.015789214872196134
0.034435244139815996
0.020873455922553366
0.015001529632206623
0.01001162589331797
0.019175241019091273
0.01228536728709525
0.010055775486600365
0.01590552265492175
0.01197067915258772
0.008791935541306363
0.015087077980889402
0.010435365713081629
0.008961679721429026
0.013159085245703698
0.010361742622358686
0.008296033534982386
0.012712534037759102
0.009481418016892434
0.008414202219734804
0.007595650488957798
0.009415194603285057
0.008045022464902546
0.007704205674877873
0.00886323728125966
0.008086049154651552
0.007578711537923039
0.008773901933875044
0.00788072929149854
0.007634250750700025
0.00843516521175129
0.007883390434780303
0.007569803824571436
0.008336294120913527
0.007763870059714464
0.007591224226742144
0.008118211376012343
0.007742930755611419
0.007556279655420312
0.008014807492484935
0.007668645966603285
0.007558275890586835
0.007863653004122614
0.007634708727955144
0.008196565987245599
0.007776730891194176
0.007599293472659188
0.008030605287663457
0.007698011543198416
0.007576438109710205
0.007859990480981549
0.007628831913733485
0.008100298037026549
0.007723161700545252
0.008538348781047214
0.007903370035587581
0.007658271484451769
0.008211323881179892
0.007761516718984678
0.008696118411803561
0.007961026460294193
0.009582143295458428
0.008352200577198605
0.007822742289234932
0.009021952349087033
0.008061160552565642
0.01006911608172879
0.008524084320654674
0.00787612761539273
0.009310869191103407
0.008157770443590017
0.010539187239345323
0.008704591569811564
0.007917229469266516
0.009572774146478447
0.0082069003445499
0.01076585193239471
0.008738715697773222
0.012728472840959475
0.009698878768829177
0.008221190504493887
0.011209864140744147
0.008781175158411704
0.013379615320274199
0.009805983745981158
0.008280747295254196
0.011267599430784668
0.00878350233345484
0.012987183594535632
0.009612533127111406
0.015548961517130219
0.01094414410679769
0.008285885085590134
0.012772748182538556
0.008827951876136532
0.014988499242851732
0.009745485864288058
0.018097936708226667
0.011206512077934475
0.022348462644948296
0.013372307261681428
0.009720815966773539
0.01585266873959927
0.010618128304558017
0.018064202632019626
0.011760177035802892
0.02076042099789103
0.013140564743921274
0.007595522843036819
0.014672188469228825
0.007877394966673177
0.016155109368496685
0.008304951904414755
0.017749467915832838
0.008842664645616586
0.019313690937473312
0.009414464637352753
0.020671491549018834
0.009918097387989645
0.0069817494314727046
0.009963329021031577
0.006677048225779667
0.009263973753782
0.006315524575860566
0.008545304332397719
0.005910505415114031
0.007827531813164326
0.005479589455130719
0.007120118689804079
0.0050439003611721656
0.006433783182602209
0.00462486768384625
0.005783438725720064
0.004240856183012256
0.005185804878335866
0.003904925536877127
0.004655598066729489
0.0036239537594770087
0.0042026719203115135
0.0033989147063232476
0.0038306985911147748
0.0032260094962873677
0.0035372127898152033
0.003098299401862545
0.0033147038648588005
0.003007427024641767
0.003152400449863227
0.0029450469451685955
0.0030382772235500967
0.0029037549385604886
0.0029607772146025913
0.002877513655612178
0.0035054593671145725
0.003011359101675471
0.0028468389060043375
0.002951469273035798
0.0031069947388569982
0.0029120273021534817
0.003012135466218829
0.0028890534179145575
0.0029467159674438715
0.0031895788572703387
0.00291227208218422
0.003062315099496315
0.00289350079990302
0.0029738649648324927
0.0031895721499213946
0.0029240088272266453
0.003054169228006231
0.0034044058687473264
0.002976815834188542
0.0031891685190587877
0.0029318764374613457
0.0038524173727009212
0.003074706690702858
0.003455497730992586
0.0029906626834063066
0.0031959854444277933
0.003867258041995581
0.003040129950278193
0.003454866889975073
0.0029466691260945383
0.004367640390901137
0.0031002375739482063
0.003630806546578014
0.004808258117668051
0.003277178362543064
0.004064878018623413
0.003064076223837227
0.005994682474760207
0.0035327853689255486
0.004839284904164515
0.003191132653538918
0.007762848383728575
0.004012480628180156
0.006135572698524569
0.0034608926830290393
0.004864633715715423
0.007402816545028439
0.003935804087095855
0.005483045145013136
0.003287426932999203
0.008207632115085541
0.003956044892678408
0.005170587484468905
0.008876909964298962
0.003747870826682563
0.006625589584473849
0.009901187835434836
0.004855928141158725
0.006433961331398159
0.011910779658873837
0.004276714971202053
0.008489799538180855
0.0029883698275844123
0.01375452353713358
0.0046912606056423115
0.009722991258769086
0.003008617902700561
0.006557819677772544
0.008816365470080018
0.004246102216578192
0.004585203653697189
0.009384175689159138
0.002379513465319339
0.005927378468416703
0.007490737983651045
0.003616013046197269
0.0035191415888804535
0.007604933399909433
0.001611723986468158
0.0044904633031313404
0.005329298307012056
0.0026025351003035996
0.0022809632155682213
0.0051933604810723835
0.0009314074597907352
0.00290720352153453
0.00322337648440646
0.0016345763012362944
0.0012770451033219457
0.0009765290218084138
0.0015261631385681197
0.0009051395023089523
0.0017014636230590035
0.0008537700315908701
0.000608614615008154
0.0005087154309938256
0.0007947133953444867
0.0004657839225576498
0.0002730868622513253
0.0002908074267814
0.00036883611523790216
0.0002609394148781253
0.00046217201470141723
0.0002462297043016518
0.00018342195879613273
0.00015488245430982103
0.0002378361226028339
0.00014548576995132898
0.00010850920091431149
0.00010402443815557029
0.00013280341938222954
9.899456504084523e-05
8.176426675341608e-05
8.293432646774111e-05
9.024231340098199e-05
8.066023472391151e-05
0.00010015182417206948
7.966429209951253e-05
7.681950722964865e-05
7.45803311963019e-05
7.967274995770433e-05
7.406022832060666e-05
8.2627932453924e-05
7.378641216395283e-05
7.390921172115183e-05
7.795656350298189e-05
7.243276874776105e-05
7.803370998653083e-05
7.25240887416444e-05
9.423947669006741e-05
7.438909990745271e-05
7.532144211956808e-05
8.184308109051001e-05
7.237403478227954e-05
0.00011178565880960384
7.374061709532881e-05
0.00011423288906886055
7.380048499731368e-05
0.00011854227000837956
7.382067773196989e-05
0.00012242829215199091
7.375704389296022e-05
0.0001252762340065379
7.350666622836373e-05
0.00012592301867323956
7.28746252132919e-05
0.0002248084740251103
8.31896159438653e-05
0.0002384892928737456
8.514143944701577e-05
0.0002588360809141096
8.751913457595003e-05
0.0002827003694313491
9.066254868400789e-05
0.00013952527044328755
0.0001619629328997016
0.0002621351476408332
8.388814607528008e-05
0.0002855992129259335
8.3898692524388e-05
0.0003075156242125182
8.376145011208529e-05
0.0003351834082047536
8.385711690327418e-05
0.00037468392027900795
8.65680334546e-05
0.00043635440639234563
9.765607080431064e-05
0.0005323421502764618
0.00012421435946960113
0.000279039742635931
0.0003470689710928968
0.00014281795928778216
0.00039195149157556864
0.00014040570438643668
0.00013516147309361036
0.000279407653647544
5.011995202525582e-05
0.00014749070017252937
0.0001601025703962045
8.093552770348912e-05
0.0001910018052417119
7.960320368200777e-05
6.888791458799368e-05
4.561926593510905e-05
8.38775611603822e-05
4.381174814820954e-05
9.901818978405339e-05
4.3922206714959254e-05
4.008183763408229e-05
2.5063393833618424e-05
5.380162294902872e-05
2.5012811556591437e-05
2.198861984866029e-05
1.44434134272666e-05
3.0146230699790792e-05
1.4400936519309838e-05
1.2488269969551087e-05
8.362138548045709e-06
1.735332647415615e-05
8.360788402396266e-06
7.292936861949877e-06
4.860283766512328e-06
1.0192080620094385e-05
4.886634008274058e-06
4.343840830977476e-06
2.8381080645569263e-06
6.069290109517505e-06
2.874425244796994e-06
2.623565501707984e-06
1.6702940387897747e-06
3.648999796901898e-06
1.7052887874868037e-06
1.6040625009303564e-06
9.996748221909795e-07
