96.35204722297188
61.719520993403066
44.877141300866114
45.68175260025123
39.90695814210638
39.0556976796529
38.872904811272164
38.88921871131139
38.85042585880985
38.82420003638551
38.79798030106899
38.51803063951689
38.612596497765104
38.531132118484635
38.58741478561797
38.48297208815908
38.56634934009648
38.491379960448846
38.57324760438457
38.48142811595592
38.55019952071511
38.41688543109276
38.52018951954317
38.32522304939135
38.413633813821235
38.28756560787966
38.341181935705805
38.16143793142947
38.23267440833587
37.975307878953274
38.04140594042695
37.69139315898009
37.85392049423246
37.325195224290844
37.59440753081833
37.22436549543004
37.34637421950941
36.76334303513153
36.946047368112275
36.13282608404669
36.41227751706722
35.86207312519457
36.05549478434629
35.502419844297656
35.49888332599083
35.083011258128806
34.79183789475624
34.20780412081968
34.14026197916656
33.675422006462206
33.48481765592458
32.713431459112606
32.80400980295336
32.117699229989334
32.105181615522376
30.876965357727638
31.008303750958074
30.273916052344493
30.316416886518052
29.682566900346053
29.682355492716297
29.126949682029103
29.097618561697118
28.606351294820115
28.558951420109672
28.123114233179074
28.067487753659453
27.682547798699797
27.62742045716831
27.290794381980987
27.24297889237395
26.951605359107887
26.915335615413856
26.664459679784212
26.64159933983744
26.425108882107835
26.41596824021654
26.321172664409705
26.230612600738908
26.147106586255614
26.077211213724244
26.00194756263667
25.976507211879213
25.881528969638428
25.86302658394697
25.779783033089593
25.76717562864935
25.69385243687747
25.68685940219856
25.65412356257805
25.619215360008383
25.58903533147453
25.559055901303278
25.53073561148968
25.505210715633307
25.478329707235293
25.456692950426678
25.430863630286677
25.41257244145156
25.387438662194672
25.371985341279224
25.3472173251447
25.3341251780881
25.30941304662097
25.29822584703651
25.273272793388916
25.263539990248436
25.238055189038406
25.229312740669258
25.203003562888988
25.194748445084578
25.16731099578593
25.158965179481395
25.1300712197731
25.120926962178025
25.090203208815975
25.07933325066562
25.04632403710882
25.03242091803131
24.996511652503152
24.977568811372624
24.937805477549325
24.910391946242274
24.819750987937883
24.829256555361393
24.726235128110588
24.737786335636212
24.681557373398892
24.588818988547185
24.49180446831638
24.48016322715317
24.35640005652065
24.34218570221247
24.19771188966869
24.174169110348533
24.003427595500646
23.966083582834365
23.759735722845047
23.64322780032761
23.461417964531545
23.390980558140555
23.113550519040825
23.02458461195361
22.335634518146996
22.293204461197575
22.049519375441562
21.74820171279909
21.48735808577657
21.14628766104465
20.859022406881873
20.48976482608137
20.178768106633157
19.796676158613444
19.465216062052956
19.275611828733464
18.720316175618596
18.524510102302788
17.908960016964365
17.704453560353073
17.052388072047876
16.856493902274405
16.521549048473677
15.998544422747786
15.65469845994773
15.11612745781745
14.76499754364843
14.508509688269905
13.889836181897728
13.64744603673449
13.026997231768823
12.809453399439152
12.51383392878211
12.034776831621548
11.759234938668497
11.543594646372105
11.066311111480509
10.879993902293878
10.444353482324312
10.292829719773216
10.099396775318086
9.794188542334672
9.625185196064557
9.500538436786565
9.361506886997756
9.12559678544232
9.005209762720117
8.906411217978608
8.703838219850773
8.62470791581049
8.538668085378381
8.39258657014153
8.320732058540518
8.261853313119929
8.142721608811716
8.096794997694845
8.047150924810206
7.963376748419318
7.922080227233752
7.888751770704656
7.8544075573760965
7.794429071335185
7.76574867687426
7.7413479354467905
7.692813123864727
7.673276284932154
7.652905946978873
7.61730197472774
7.600112511664477
7.585538232692187
7.556236416671399
7.544424243549434
7.531928115316064
7.510046197763885
7.4992679379248575
7.490130570678172
7.4714980277519505
7.463887093237425
7.455713930280607
7.44124747739263
7.433938508769968
7.427624590624263
7.414575378519721
7.408935927588131
7.396788605797925
7.391854208409276
7.386307894855187
7.37648086761584
7.37126012291533
7.3666985976958905
7.356950762377266
7.352436103799501
7.342330936344671
7.33783265461592
7.327615823055923
7.323294134982116
7.318229162701744
7.308880564782835
7.303588930056739
7.293529131061259
7.287918037077138
7.277506132556911
7.271693627217783
7.266479848778409
7.254975958403626
7.249610778812419
7.23701805204015
7.231413808742109
7.224737382141743
7.211949687809798
7.204700919881953
7.190102626187716
7.182108455470478
7.17416129175381
7.156940724288277
7.14788733341104
7.12723662509473
7.116677066261297
7.093194151853972
7.081453457335675
7.0686373580872806
7.042208294952277
7.028045297905614
6.996641671099737
6.980801135699684
6.963119532139606
6.9267965807703025
6.9059199176847015
6.86127306479706
6.836012622474041
6.784267586995645
6.755117547593962
6.726574237777802
6.662860619417124
6.62989576869284
6.5494435754452205
6.510892909895875
6.415456340809642
6.373372819241291
6.266545254151719
6.223582866167543
6.166154997151892
6.063356621461341
5.999967939474266
5.886133104922495
5.815203423238147
5.69632188504387
5.619953773619994
5.560354003511035
5.41682524133968
5.355055519209944
5.1922819838094
5.128666622055787
4.955757992702426
4.894963944717066
4.721275061336095
4.666860501297639
4.4998844137167415
4.4536612335544845
4.375062136633182
4.256896885310889
4.181124374647775
4.070102192797761
3.9980486979298386
3.8987795397681655
3.832997491434153
3.74774156774829
3.689694455774701
3.6187212680767322
3.5688265703310185
3.5110059521794854
3.4689321357979486
3.422447459048214
3.387440753923448
3.350320726049215
3.321454843006042
3.291869622995327
3.2682024662291944
3.244585109359424
3.2252427733934597
3.206310375909021
3.1905235848595366
3.175251222634924
3.162363925724887
3.1499417842711672
3.1394049829334683
3.129193434685625
3.1205520280627184
3.1120401726470983
3.1049167954735823
3.09768445701917
3.091761184570982
3.079172795437915
3.0725244715604068
3.07109560783852
3.0642134748354755
3.0612934864076156
3.0566886929543045
3.0538300426579736
3.05000224639792
3.047156982116098
3.040637797499544
3.040961611276559
3.035323100289466
3.0352711775527017
3.0303214297707415
3.0292284120329276
3.0251892690062028
3.0234494383968613
3.016586574635588
3.0177826767844502
3.011702754234677
3.012179871974821
3.0011680396421037
3.0035396031032793
2.9960984999648796
2.9972815106948616
2.990551570438211
2.99072521131189
2.9842132682350417
2.982638475168531
2.977003635675338
2.9701577513615325
2.9616223938298494
2.9580856813257603
2.942647162837094
2.944767980049322
2.9297882838646534
2.9297146594805286
2.899504756525435
2.902635516501282
2.8805057106563337
2.87994064832322
2.8355253671472953
2.8401019735374344
2.8084683866172804
2.808188619209699
2.7771802479559025
2.7677571585433527
2.7405085184292686
2.722723576706592
2.69767312218866
2.6444939381595627
2.6076296678118704
2.5741717569929605
2.501302181435851
2.494401945084254
2.418894420158522
2.387500225384022
2.3255619025783454
2.27686383379566
2.165697121563952
2.1626440310424853
2.056381944467171
2.0419466626949343
1.8347002621865958
1.8419247168801263
1.713080419751381
1.70342549467344
1.5868877001980373
1.5423749536695681
1.4539876561764105
1.3883227315427038
1.246144411070254
1.242977567121634
1.1206698399395687
1.0867589373566198
0.9971732423389139
0.9430487585621239
0.8138010691010542
0.8184985321279967
0.7173775732525643
0.6986657654694501
0.626541081388324
0.5906968331735635
0.4960878638786544
0.5034646556737576
0.4351227387413761
0.42654769838228596
0.3792269612177721
0.3588265899257901
0.32981916321507626
0.28324937219125695
0.2567921355450019
0.22991183258908635
0.20750969755195983
0.20187540634145953
0.19035877951548819
0.17702218888655172
0.16795029563434574
0.1651676487058462
0.16066925067485066
0.15503518675043973
0.15179983743353184
0.14954268723504005
0.14715114559253037
0.14687711801157727
0.1457916604776669
0.14489922546238415
0.14409976746671566
0.1439623160774721
0.14358936798648703
0.14322513720927701
0.14294895887259557
0.1428781032248913
0.14274236493220327
0.14257700770227874
0.14247386733841236
0.14239022464573553
0.14230624883234277
0.14228734731335432
0.14224403494533785
0.14218743308784718
0.14215049244700137
0.14210744959980887
0.1420745672418566
0.14205713911053947
0.1420168177203414
0.1420137626082037
0.1419506689784424
0.14194567077639714
0.14180647180641862
0.14180537109241415
0.14175817553418116
0.14172714917477625
0.14169606092516177
0.1415095137496225
0.1414657480431757
0.14132164743878195
0.14126890089001165
0.14109141021271787
0.1410303581363473
0.14080522227789852
0.1407318067076906
0.140436630360366
0.14034332365924834
0.13993560501061678
0.13980512786804158
0.1385729954029683
0.13838202863342286
0.13733040406643168
0.13707269753325024
0.13578392141659656
0.135477444655626
0.13389333363945616
0.13353100799430295
0.13254981082081121
0.13154955434036963
0.13022949145924906
0.12963857178487798
0.12670592507892453
0.12601573038961636
0.1219985323531153
0.12108420500741315
0.1155394793293479
0.11434499624647021
0.1067476326731394
0.10529847004452017
0.09538091900770247
0.0939064611792628
0.08218777154598463
0.08109607178558992
0.0748272486112606
0.07129547500181344
0.06734873742552133
0.05875366110809277
0.05474611165612842
0.05096954773885324
0.04517095411352515
0.044183027248785964
0.03933453229404239
0.03666494177425686
0.03374440695456738
0.02781981167945873
0.024997106524226695
0.022869942893898126
0.021001114869123684
0.01674828767187347
0.015006171939879211
0.012128044073782061
0.01051110055712555
0.00968001878074822
0.008687166958132547
0.006977757636732462
0.006048493681652826
0.005563015628589624
0.004990559346920235
0.004005030276026215
0.003473458716688956
0.0031989695859583334
0.002872297997025142
0.002318914451029404
0.002018474961264372
0.0018681446222586675
0.00168555661025572
0.0013856583962494474
0.001221572620254878
0.0011434191011388411
0.0010464441743234015
0.0008949057269685514
0.0008123616019545621
0.000775639418375602
0.000729335482878882
0.0006617726741999154
0.0006255475084609583
0.0006106493636282429
0.0005915470788197067
