11.516993045806885
17.292764902114868
23.14597797393799
36.02173376083374
50.942280769348145
63.55728507041931
72.01390266418457
84.50076484680176
90.5909538269043
96.704665184021
102.83201670646667
117.4432258605957
132.02363443374634
144.55264282226562
159.40484285354614
169.85685515403748
184.61831879615784
197.2635407447815
209.79520869255066
224.4920732975006
234.93945360183716
249.62901854515076
260.0217113494873
274.8440577983856
287.83307242393494
302.49487709999084
313.0818786621094
327.7591598033905
338.1254458427429
352.7455196380615
365.3108823299408
377.81888604164124
392.60702872276306
403.03960847854614
417.74569630622864
430.49022340774536
445.2048580646515
455.79403853416443
470.562917470932
480.9638636112213
495.74237155914307
508.47954630851746
521.0701911449432
535.7663354873657
548.5996074676514
563.3720819950104
573.9111454486847
588.6012518405914
601.0362062454224
615.6008958816528
628.0441102981567
640.362813949585
654.9173896312714
667.5386352539062
682.0657093524933
692.4019432067871
706.8545858860016
719.2341604232788
733.7354347705841
746.0470910072327
760.6256136894226
773.0690546035767
788.0089325904846
800.5148146152496
815.1829237937927
827.709285736084
842.2608144283295
854.7063522338867
869.338933467865
881.8147432804108
896.4974904060364
909.1236169338226
923.7501990795135
936.2313973903656
950.8416433334351
963.3091838359833
977.8901827335358
992.4782888889313
1005.0139758586884
1019.7072312831879
1032.4834463596344
1047.1654994487762
1061.744253396988
1074.243583202362
1088.8574962615967
1101.3728108406067
1115.982011795044
1128.4641213417053
1143.1145370006561
1157.8276736736298
1170.4604787826538
1184.995731830597
1197.4171361923218
1211.8550264835358
1224.1732034683228
1238.7797901630402
1251.2936143875122
1265.8188672065735
1278.51318359375
1293.1169965267181
1305.5397334098816
1320.0154693126678
1332.4873397350311
1347.1713004112244
1359.5728731155396
1374.0430159568787
1386.5240516662598
1401.4408209323883
1414.0027425289154
1428.628172636032
1441.0880966186523
1455.742646932602
1468.26992726326
1482.8721039295197
1495.443014383316
1510.1658279895782
1522.5460486412048
1537.1109266281128
1549.559693813324
1564.1224002838135
1576.495189666748
1591.084445476532
1603.4445593357086
1616.584948539734
1631.176906824112
1643.658016204834
1658.2949590682983
1672.810947418213
1683.2099742889404
1697.8672473430634
1712.5477607250214
1725.098709344864
1739.733764886856
1752.4149386882782
1767.1827371120453
1779.7432560920715
1794.3690059185028
1806.8550775051117
1819.3883254528046
1834.0678460597992
1848.758662700653
1861.324049949646
1876.0096838474274
1886.2259695529938
1900.7781269550323
1915.2918410301208
1927.6726250648499
1942.1315140724182
1954.5684230327606
1969.0915088653564
1981.491548538208
1996.1476130485535
2008.7533373832703
2023.419476032257
2038.0915796756744
2050.6526374816895
2065.3559441566467
2077.976228952408
2092.7499532699585
2105.2710852622986
2120.250752687454
2134.989921092987
2147.5303044319153
2162.116744041443
2174.58544754982
2189.3140499591827
2203.90598654747
2216.351779937744
2231.0916945934296
2243.596609354019
2258.1714627742767
2272.667037010193
2285.0488419532776
2299.496673107147
2314.1368136405945
2326.5526642799377
2341.0339245796204
2353.690464258194
2368.4086697101593
2383.008786916733
2395.4717621803284
2410.0602402687073
2424.6846079826355
2439.396462202072
2451.955313682556
2466.499805688858
2481.2725167274475
2493.882436990738
2508.533002138138
2523.0788004398346
2535.578178882599
2550.1995992660522
2564.796599149704
2577.277939558029
2592.2211446762085
2607.019103050232
2619.5859241485596
2634.2713766098022
2648.9359109401703
2663.66686296463
2676.302500486374
2691.120766878128
2705.8586645126343
2718.652519464493
2733.487525701523
2748.2209758758545
2760.7871606349945
2775.3890030384064
2790.105452299118
2802.634023666382
2817.2974076271057
2832.192752122879
2844.739552259445
2859.5078687667847
2874.180309534073
2886.6453425884247
2901.2682163715363
2916.0243582725525
2928.566143512726
2943.306385278702
2958.2042009830475
2970.9033772945404
2985.6118001937866
2998.187054872513
3012.9335675239563
3027.74143075943
3040.2790310382843
3055.073669910431
3070.190414905548
3082.691712141037
3097.3976788520813
3109.834873199463
3124.387942314148
3136.8249440193176
3151.581578731537
3166.116063594818
3178.545012950897
3193.3485939502716
3205.8476011753082
3220.6054027080536
3233.112536907196
3247.806291103363
3262.5130269527435
3275.14310669899
3289.857645511627
3302.407385826111
3317.1411945819855
3331.7447652816772
3344.197950363159
3358.783665418625
3371.1849915981293
3385.664609193802
3400.158975124359
3412.619719982147
3427.772505044937
3440.547454357147
3455.258358478546
3467.7148365974426
3482.2955644130707
3496.8865492343903
3509.3979086875916
3524.0031139850616
3536.464940547943
3551.131061553955
3565.8230628967285
3578.4555060863495
3593.276924133301
3605.833663225174
3620.4076266288757
3633.0502758026123
3647.7334060668945
3662.344919204712
3675.1263194084167
3689.7605245113373
3702.1740856170654
3716.7802691459656
3729.28191781044
3743.8969724178314
3756.4060521125793
3771.0208446979523
3785.678537130356
3798.5867161750793
3813.3648314476013
3825.9600462913513
3840.7040541172028
3853.2702343463898
3868.0275905132294
3882.769057035446
3895.5037257671356
3910.4615139961243
3923.0206854343414
3937.857691526413
3950.5442519187927
3965.3336353302
3977.9178915023804
3992.6002814769745
4005.110464811325
4019.6639499664307
4034.5515604019165
4047.1713547706604
4061.7220165729523
4074.215394973755
4088.847536087036
4101.296802043915
4115.906416893005
4128.381417751312
4143.08783364296
4155.77565574646
4171.034423351288
4183.605598211288
4198.353054285049
4211.045591592789
4225.913849592209
4238.5613560676575
4253.431340932846
4266.213593482971
4281.2241888046265
4293.686781644821
4308.343177318573
4320.970546722412
4335.74068903923
4348.359606027603
4363.140951633453
4375.74946308136
4390.810821533203
4403.599005937576
4418.44001865387
4431.093345880508
4445.905489206314
4458.504767894745
4473.396243572235
4483.872403860092
4498.455953836441
4513.233331203461
4525.758409500122
4538.563243150711
4553.413585662842
4566.052996635437
4580.779158115387
4593.3349940776825
4605.918958425522
4620.675632953644
4633.311541795731
4648.003136396408
4660.525636434555
4673.061807155609
4687.739111185074
4700.305047273636
4712.925451517105
4727.676428794861
4740.267737150192
4755.195905447006
4765.625111341476
4780.133080005646
4792.673419475555
4807.223172426224
4819.643149614334
4832.073497772217
4846.813510894775
4859.319926261902
4874.316516637802
4884.700971126556
4899.376393079758
4911.88852763176
4924.391612529755
4939.033269882202
4951.555506706238
4966.13144826889
4976.46500992775
4991.054814577103
5003.507824897766
5017.981369495392
5028.311943292618
5042.8793177604675
5055.323322057724
5070.011924743652
5082.581305980682
5095.296175956726
5110.277578830719
5122.922884464264
5137.666514158249
5148.100494861603
5162.688994646072
5175.211350440979
5187.764960050583
5202.46390414238
5215.617209672928
5228.119235038757
5243.237753152847
5255.733397483826
5268.218149662018
5282.8476622104645
5295.258913993835
5309.878308773041
5320.261570930481
5334.861067533493
5347.296211481094
5362.072345733643
5374.690668582916
5387.243043661118
5401.827547550201
5414.235447883606
5426.669393062592
5441.302841424942
5453.819598197937
5466.358127832413
5481.526611804962
5494.002710342407
5506.39134645462
5520.906128168106
5533.349914312363
5545.821001529694
5560.351354122162
5572.799724578857
5585.195792913437
5599.925124645233
5612.313648223877
5624.712004899979
5639.150095701218
5651.640967130661
5666.355346918106
5676.665232896805
5691.32271194458
5701.666656255722
5716.546844959259
5729.0068163871765
5743.706914901733
5754.152041435242
5768.827774524689
5781.355317354202
5795.9515500068665
5806.305639743805
5820.908713579178
5831.529240131378
5846.294454336166
5860.6491775512695
5877.222307682037
5887.735347986221
5902.637024641037
5915.320987939835
5930.164784908295
5940.645001888275
5955.422922611237
5968.083705425262
5983.072288513184
5993.661826133728
6008.451192855835
6018.940308570862
6033.673199892044
6046.286624670029
6061.136965036392
6072.02073264122
6086.870387554169
6097.33721113205
6112.128023147583
6124.84099149704
6137.575599193573
6152.34367108345
6162.927097558975
6178.181250810623
6186.494270801544
6201.626109838486
6214.255178451538
6226.949144601822
6241.632423400879
6249.906001567841
6264.551425933838
6275.002546787262
6289.897796630859
6300.426749706268
6315.318762540817
6325.791106700897
6340.460195064545
6350.895006895065
6365.577227592468
6376.033281803131
6390.685921669006
6398.973406553268
6413.776489496231
6424.255167007446
6439.206951856613
6449.706552743912
6464.593013286591
6474.999076366425
6489.627962350845
6502.10165143013
6514.639514684677
6527.188501119614
6542.064981460571
6553.614102125168
6568.419528961182
6579.009482383728
6593.8205687999725
6604.254913806915
6618.956555366516
6629.338115692139
6644.127064228058
6654.651602506638
6669.7012276649475
6680.237020015717
6695.088477611542
6707.801154851913
6720.560219287872
6735.4438400268555
6746.004428386688
6760.6621878147125
6773.142538785934
6785.664182901382
6800.682251691818
6813.201825380325
6825.845322370529
6840.698830842972
6851.212144136429
6866.138209819794
6878.855361938477
6893.78870844841
6904.196236848831
6919.402111530304
6929.871180057526
6944.610041856766
6957.187724351883
6971.947031497955
6982.350354194641
6997.238477706909
7010.880143880844
7025.72952246666
7036.615765094757
7051.544667720795
7064.271864414215
7079.110728263855
7089.590109825134
7104.378039121628
7117.020819425583
7131.8318157196045
7142.375458717346
7157.537661314011
7170.326282262802
7185.040746927261
7195.4422488212585
7210.148396492004
7222.698640346527
7237.375142812729
7247.774566888809
7262.402301311493
7275.014211654663
7289.547284603119
