312.48709585093775
64.43429505257745
6.036702473193827
5.837578398172809
5.474038597323215
4.295288146664461
3.0591049222773563
2.3130093813801977
2.2324674174831216
2.2171502613589382
2.1932766688605625
2.129370277461703
2.024885980418958
1.7780130813257529
0.5058118207441566
0.4774447814997984
0.4708286834422779
0.46905870245541337
0.4684843464747246
0.39882080093593686
0.21782967615376947
0.12316539543303406
0.1166136463134535
0.11537595339314066
0.11497320006878908
0.11387413465422469
0.11382832314370717
0.1137751898836541
0.11373420159566194
0.11335086113444959
0.1129402469496199
0.11249015885255176
0.11182456736423774
0.11107135099950938
0.11022562976518202
0.10992851302830786
0.10883521462005774
0.10758389883380914
0.10644238617942392
0.10538853428533912
0.10424753455595237
0.10291590430597353
0.1017630268195262
0.10072842217391553
0.09963910488818328
0.09831975529004922
0.09731496463859912
0.09653111256329794
0.09574351569222017
0.09467269494211905
0.0942345941741678
0.08755878514693904
0.08059745764012405
0.0774613855055577
0.0750818268106741
0.07275912912177773
0.06402825266627588
0.05524824017152241
0.038306219010564746
0.03710445365209125
0.02962643156251943
0.02772657710875137
0.02284870861149102
0.021999267055434757
0.01776277456065145
0.016488785551473484
0.01599454936604161
0.014059879542855924
0.013169207497639945
0.01272557196739399
0.011637672895176365
0.011073854313508491
0.010875293535491437
0.010114393948015277
0.009813666970558188
0.009475025285837546
0.009298253195538564
0.00883673954990627
0.008776061368052979
0.00856863759463522
0.008495676843949695
0.008389825444282906
0.008325955349391734
0.008266979325298962
0.00823579328471169
0.008145405727873367
0.00814018719552223
0.008093011340861267
0.008082987409352427
0.00805687515230602
0.00804618466258944
0.008030871902292347
0.008020787633313375
0.008011090306354163
0.008003645372355095
0.007987684421777885
0.00798418849672089
0.007974649694460823
0.007969630463321664
0.007963283359458728
0.007958383944924208
0.007946778752511818
0.007942298938360182
0.007934677769981135
0.007931226857181173
0.007916007118183188
0.00791078553834268
0.007900727798869411
0.007896720901271692
0.007876043753185513
0.007868615924508049
0.007854729272139593
0.00784720828664831
0.007818809885975497
0.007806601573975058
0.00778692502967715
0.007768938399749459
0.007729938746706466
0.0077066274416210945
0.007698048871816354
0.0076449123855582
0.007615522677042463
0.0076060391120336135
0.0075355647543347
0.007499816268818904
0.007496810721704605
0.007398015691023829
0.007358024463201218
0.007290446633533065
0.007230629518517162
0.007099822551253965
0.007022344923825585
0.006983307064729161
0.00682716614119272
0.006731267038048827
0.006697967013224115
0.006485792427383785
0.006374712566184826
0.006344715231080045
0.006081949491999694
0.005965033879647308
0.0057873779278452275
0.005651680784467317
0.005315826414289404
0.0051705357952869235
0.004947794461031663
0.0048192266394835315
0.00440333147525962
0.004269728101462533
0.00401224966594782
0.00382403118237562
0.003733808429842611
0.003434314500509572
0.0032675728439244267
0.0032090044553569896
0.0029162792143324623
0.0027968256633812416
0.002630813527503051
0.0025768081852675095
0.002294199220614246
0.0022534153163178416
0.0021082131968341855
0.0020471933919452567
0.0019702321192198724
0.0019429307569680532
0.0018205999342626455
0.0018052803711725574
0.001746770224372085
0.0017244932726043771
0.0016956871718321054
0.0016894030559342355
0.00164452686203731
0.001640815415612451
0.0016207204380407347
0.001614268580397038
0.0016049513817506522
0.0015988603706773574
0.0015968130876444775
0.0015889211433659511
0.0015857955092997145
0.0015822183190721262
0.0015798131632891455
0.0015751702298985037
0.0015739288035092613
0.001572033869479128
0.0015712161464307428
0.001568541490314601
0.0015678091156132723
0.0015666810347738647
0.0015657916565032792
0.0015641996837985062
0.0015633574889761803
0.0015627599123035907
0.001561503277571319
0.0015605669482283702
0.0015586181859816861
0.0015584120903895382
0.0015551976621281938
0.0015540370195594733
0.0015536337045887194
0.001550743286998113
0.0015505384549214796
0.0015457966437679715
0.0015439681296811614
0.0015428958568008966
0.001539036927624693
0.0015372959894648375
0.0015310609448988544
0.0015276280848866008
0.0015248245374550606
0.001519075761507338
0.001511813818524388
0.0015029315363790374
0.0014965825810122624
0.0014607451653319004
0.001450157925773965
0.0014455658933911764
0.001420079919626005
0.001417133382119573
0.0013754398889886943
0.0013592971354228212
0.0013522045981062547
0.0013152450717370812
0.001304490169559358
0.0012477082912027981
0.001220940658413383
0.0011987820337253652
0.001157303220452377
0.0011110783746062225
0.0010504619392577297
0.0010077883571284474
0.0009169912743800523
0.0008661161652980809
0.0008327294931405049
0.0007544070690528315
0.0006912711389759352
0.0005918192077842832
0.000538920498911466
0.0004337494933679409
0.0004111620619369205
0.00030025820183254837
0.0002663209991169424
0.0002499565944162896
0.00019754280651795852
0.0001708006645912974
0.00015656545315323456
0.00012381336546241073
0.00010861911528081691
7.445909750458668e-05
6.359263829835982e-05
5.864011654921342e-05
4.428003057910246e-05
3.7445679254233255e-05
3.413343870306562e-05
2.6492008601053385e-05
2.395012120359752e-05
1.6358599850718747e-05
1.4524282505590236e-05
1.2509839507401921e-05
1.0504234523978084e-05
8.771711691224482e-06
8.503161097905831e-06
6.861277370262542e-06
6.561300779139856e-06
6.147649855847703e-06
5.869623237231281e-06
5.49324954590702e-06
5.371575753088109e-06
5.326932068783208e-06
5.16463614985696e-06
5.098264182379353e-06
5.0681098855420714e-06
4.994738219465944e-06
4.9785767259891145e-06
4.906122967440751e-06
4.891815478913486e-06
4.872984163739602e-06
4.859120963374153e-06
4.842009275307646e-06
4.8358208459831076e-06
4.833060302189551e-06
4.825389851248474e-06
4.823520157515304e-06
4.81587949252571e-06
4.813932264369214e-06
4.813224222743884e-06
4.809869096789043e-06
4.809269739780575e-06
4.8057929689093726e-06
4.804670652447385e-06
4.803925321539282e-06
4.802291414307547e-06
4.800658189196838e-06
4.800453098141588e-06
4.7975620418583276e-06
4.796690063813003e-06
4.793565722138737e-06
4.791962965100538e-06
4.788760861629271e-06
4.788634214492049e-06
4.7781945795577485e-06
4.775383331434568e-06
4.7729886318848e-06
4.772045940626413e-06
4.764075129060075e-06
4.75997376270243e-06
4.751266942548682e-06
4.7481344154221006e-06
4.720867764262948e-06
4.719560138255474e-06
4.693713435699465e-06
4.6858922360115685e-06
4.6599775487266015e-06
4.6406157707679085e-06
4.636432095139753e-06
4.5932611101306975e-06
4.573161731968867e-06
4.525327540250146e-06
4.484649707592325e-06
4.432105470186798e-06
4.358292926553986e-06
4.19778825744288e-06
4.162536242802162e-06
3.980599331043777e-06
3.929353169951355e-06
3.7235565741866594e-06
3.655554792203475e-06
3.4211998354294337e-06
3.3422120395698585e-06
3.0728003821423044e-06
3.0002399853401585e-06
2.686085053937859e-06
2.6553407224128023e-06
2.2805190837971168e-06
2.142933226423338e-06
2.054039669019403e-06
1.8364692095929058e-06
1.6189878806471825e-06
1.405620196237578e-06
1.11955478132586e-06
6.970892627577996e-07
5.994386356178438e-07
5.414995030150749e-07
4.2529018173809163e-07
3.7681729736505076e-07
2.525016498111654e-07
2.1705409380956553e-07
1.755311132001225e-07
1.3834824130753987e-07
9.745849638420623e-08
8.082861313596368e-08
7.485414244001731e-08
5.217953003011644e-08
4.2601868699421175e-08
3.787408786593005e-08
2.7599071472650394e-08
2.226693140983116e-08
1.9559820430004038e-08
1.4404122339328751e-08
1.2489408618421294e-08
7.388962330878712e-09
6.225036486284807e-09
4.8328274715458974e-09
3.739842213690281e-09
2.4590462999185547e-09
2.0208972273394465e-09
1.629359758226201e-09
1.1725660442607477e-09
8.365077519556507e-10
6.814389053033665e-10
5.645688361255452e-10
4.863522917730734e-10
1.8053469830192626e-10
1.4438228390645236e-10
