9.344074760540183
6.399864451869166
0.22155723966204682
0.5955286037920672
0.4049663626561024
0.18974075385790115
0.3076690261011742
0.20529986673384173
0.08155359502905914
0.07042384692561382
0.09224754446635307
0.1898926078530774
0.4829055336441994
0.41233384276415275
0.10662465007811311
0.06576725792993396
0.025737780456158817
0.024141345084603708
0.024119323035957742
0.15285954906775356
0.0351890864019268
0.05801663346839818
0.037285363805312596
0.02114326492595553
0.02572430816218292
0.0317344466893792
0.017994986286909525
0.03171675160123979
0.0180604352490142
0.021260420424826048
0.018132576576804473
0.03028058922297959
0.017798843735297536
0.028047711922783197
0.017376521397850956
0.048018089429896
0.030732544344797257
0.045677545030962934
0.030975586249138227
0.04916340637441029
0.033687825940427206
0.04857363941572357
0.034792944748178525
0.05382499903204728
0.039200926037219495
0.05464247192541188
0.04232863273904261
0.06337276463763597
0.05008616802188463
0.06682164122747893
0.0572728333817916
0.018900574876942473
0.05056972361660303
0.06441433642770425
0.05612556337558625
0.07644075943079408
0.01291559657376698
0.11493354987910505
0.014390896676783692
0.07249577560828886
0.010476516553604301
0.05840051505574621
0.009296740878586928
0.055920675905244056
0.010094212752653531
0.025629338068421787
0.02683227385342812
0.014877158773679415
0.011520844038009724
0.02716438297731245
0.00626392194214925
0.016127371536458997
0.01733418785565974
0.010741704630053656
0.009788985468784157
0.007938104317639675
0.015500958152828892
0.00913387436948327
0.0099577526715596
0.007171177747579211
0.007176226739731424
0.006093279876135277
0.005816321694753592
0.005514393613606457
0.008263325553568499
0.006046537254265836
0.006621997799597921
0.005513130701419694
0.005752800096319076
0.00522487026070142
0.005307475108509934
0.005071933697773977
0.0050898059742929755
0.004991932093378797
0.005668607616592538
0.005103553710015377
0.0053015808880179024
0.005015299467301348
0.005113104722433278
0.004969052425165929
0.005528102067680052
0.005033296144110481
0.0052317174372110975
0.004979159160674424
0.005783547334629216
0.005054960056222615
0.005369887066662532
0.004986439302750628
0.006090404931112694
0.005079036107001432
0.005530693071278945
0.004989001081322174
0.006442017678797307
0.005101437098808543
0.005705405868117216
0.004981815233910071
0.006787447160272296
0.005105465296700574
0.005847887306464615
0.006888359389762437
0.005362054177250204
0.005820763035835
0.007934263237227299
0.00524973206927549
0.00656777024268493
0.008449454040635723
0.005721708048934675
0.0066720713667508
0.00521053495732132
0.0090607426437049
0.005691885643935993
0.006576598023080585
0.010145937583910542
0.0054127809401419
0.007784635265950779
0.01076498646990688
0.006206383504288058
0.0077147324514054965
0.012974859024412073
0.005871678781174113
0.009572693741022566
0.004797452146444854
0.014665924721311726
0.006024808674277141
0.0105141307620156
0.004655898326860818
0.01647549338038125
0.006305032924411472
0.011650538228847053
0.004591363562048234
0.008145154190344424
0.0115017611432976
0.005725869866669865
0.007169764574837423
0.013332405573747675
0.0046639409023628295
0.009053314790622768
0.0032614872375374645
0.013992357684195775
0.004838481144421525
0.009420910254003833
0.0032619878409764235
0.006258001943434816
0.0023760292974381913
0.009337571634191518
0.003311720896453217
0.006192183382977773
0.0023876522840823584
0.004138371422046027
0.001965782027414374
0.0058863838806994
0.002426691433547484
0.003967092165210366
0.002007192971534629
0.0028277827134586147
0.0018566498282433209
0.0022590297572988626
0.002565882019508926
0.001995829423276036
0.0020672077448449697
0.0018929485800598712
0.002372356399888576
0.0019436384964416798
0.0020023222819077024
0.0018851553907823886
0.002194434215440471
0.0019157420706099023
0.00195885772837024
0.0018837029022692434
0.002059926955002326
0.0018992795021328013
0.0019226155147322118
0.002021084888415836
0.0018911648295257993
0.0021372012934639754
0.001908975900619368
0.0023330308254987152
0.0019392090312116827
0.0020292743276793712
0.0022366342587320774
0.0019292496653953001
0.0025096528063147327
0.0019567432260776244
0.002071210193124906
0.0023048460178692605
0.0019407058508532572
0.002614206928909956
0.001976360950292479
0.002103081356223324
0.002397847259404911
0.0019356823519573276
0.0026546499613649315
0.0019433193103710383
0.005008034495120118
0.002303569279433622
0.0028703586885470986
0.00400835519387003
0.0021436543561593998
0.005253585749618084
0.0023682899397281755
0.0032003105606978103
0.0044965874573472085
0.0022366226011222286
0.005721826726746714
0.0024133130482873475
0.003020402878494981
0.004445417285321708
0.001998683204301733
0.005617745092686145
0.0021277946301415302
0.007249450870436694
0.002446883940109468
0.00409760505233954
0.0055555369297510815
0.0023905100976825953
0.006632305398619556
0.0024652674618979857
0.006983436303691883
0.002550331947074034
0.007504019846133917
0.002662674507468667
0.0029727548319226733
0.00554596359006798
0.0012944017721614103
0.00287510160216723
0.0034542200295914283
0.0015357801924295647
0.003995851043738848
0.00150705279796579
0.0014618727831490722
0.0029693414932966287
0.0005687208524466291
0.0014780655576759315
0.0016456226562448014
0.0007754155853163725
0.001902733056981793
0.0007450523664103455
0.0007021484679612326
0.000407238956230632
0.0008088385244910504
0.00037698509686801256
0.000900887129290989
0.00036228385170624896
0.0003436161276964126
0.00020155457415755128
0.0004028911795700509
0.00018944770262701788
0.00015961204664806462
0.0003353720010657825
8.43563566096335e-05
0.00017053505014131922
0.00017285993265338655
0.00010620152601900752
0.00019874127203718374
0.00010341765201069691
9.867208680869606e-05
8.06650701092558e-05
0.00010865170483980837
7.919869323386222e-05
7.600759582024478e-05
9.837931468377197e-05
7.03949755445123e-05
0.00010046396761608334
7.08923578701735e-05
7.671613272052869e-05
7.90920150253178e-05
7.134323978551094e-05
8.140035468303544e-05
7.117887417457328e-05
7.156755931969595e-05
7.508633439049125e-05
7.001454957716328e-05
7.48415549509512e-05
7.962248234903194e-05
7.054110628964725e-05
8.080696937839392e-05
7.039513755760525e-05
8.041407924769422e-05
7.021984863861625e-05
0.0001076171506080174
7.185699074964591e-05
7.646481598096465e-05
8.038087164373699e-05
9.557969048488391e-05
7.099925301272916e-05
9.620489099806298e-05
7.05804434340936e-05
0.00014761594869562719
7.441122100441272e-05
0.000140232855635035
7.387625839700903e-05
0.00013571058646407374
7.290932460889044e-05
0.00012634016840548182
0.00016058196006938315
7.957295268468825e-05
0.00016555573249969638
7.829917982636539e-05
0.00016142773460178867
7.577265319539395e-05
0.0003101213009856976
9.977230902939778e-05
0.00032320663365532454
0.00010105226019672968
0.0003417721827602901
0.00010229272099126669
0.0003641312278425122
0.00010411519467280349
0.0003925309232168488
0.00010735565836929889
0.00043021977781436334
0.00011340871820249831
0.00048111809991210967
0.00012406522107819682
0.00022115646118198368
0.0002863699242128834
0.00010307735600839638
0.00027220125481756556
9.093052923737601e-05
0.00046969646714419775
0.00013193639785197714
0.00012783470902646139
0.00025653452304645277
4.3536360985923965e-05
0.0002898387537552129
5.8790438863212946e-05
0.0001456086594187207
2.010414073626162e-05
0.00016333581892173256
2.8091885865912627e-05
8.35673943061396e-05
9.232841291734378e-05
4.2941694538853934e-05
3.352951848476722e-05
8.01340126113098e-05
1.0649490009513598e-05
3.997426237393926e-05
3.9616603199618734e-05
2.1326914292502163e-05
4.7983575931428644e-05
2.0555832832552446e-05
1.798909685125615e-05
1.1274003638709421e-05
2.2414034318618584e-05
1.0663322273744816e-05
8.263661341789224e-06
6.046320703792584e-06
1.0669157204319221e-05
5.614399407230435e-06
3.879890032941321e-06
3.271619988413013e-06
1.3508298338951063e-05
4.805462860109118e-06
5.658159051451193e-07
