118.52607615380143
87.59067903980976
98.33549270730967
95.44804056215403
94.96860531323891
90.35306379705715
83.4776155400959
78.24681385830907
77.63414559476041
77.17572024549176
76.6155353414514
74.8314764724653
67.20175839974011
64.18589226686592
42.29157248048205
41.46763081109378
41.44050601376613
41.4179706780069
41.395321511965136
37.78150599802357
28.80981726557179
15.18224053253943
16.869811512417005
17.388788411356806
16.294491670074155
16.382050634446454
16.365093033532883
16.397709529719098
16.377263154221932
16.391957382413466
16.409454473588877
16.416350188249986
16.376333815195363
16.370017112369528
16.31466317435008
16.257769349096097
16.14287784842385
16.13256628587584
16.000375242177405
15.98014333306516
15.833602285194937
15.814137743708992
15.65850460761531
15.63108404428212
15.460523188282512
15.438961976212939
15.258750261806012
15.234585522315363
15.03702814568682
15.027691361798267
14.817666234198537
14.81281989118092
13.80716905743325
13.643425438597212
13.228093803303672
12.981486662698506
12.767087727310187
10.08443037200129
9.949747208264027
8.950782300219382
8.795866051443566
7.859969528172855
7.726865092158335
6.861269287758897
6.765783019254507
6.38997527310497
6.14865230914694
5.952129368186826
5.71032615709912
5.417762228166456
5.345569663996728
5.111777584234251
4.970040188599886
4.853559485551816
4.725691990164987
4.641447007183388
4.428768455752795
4.359410931211083
4.29641947024135
4.246771477540219
4.194242003209744
4.157901886485776
4.11459059327988
4.0873409316352545
4.017410972488874
3.9942877909226246
3.974430552042925
3.957256432665138
3.9405962364385325
3.927641215969196
3.9136129488503784
3.9036352470663225
3.8916604485783917
3.8837655939676496
3.8628847143546885
3.8555079263134515
3.848714962783514
3.8429043734455406
3.836753339968374
3.8320381781797375
3.820288744627276
3.815370818134413
3.81100515103087
3.806965865928987
3.7980634443723367
3.793502336955045
3.7901195532754084
3.786321640608151
3.7787475689308136
3.7741469101348883
3.771045793901355
3.767114434959371
3.7594279601210503
3.754402937255446
3.750755739323556
3.7462670283221327
3.7365137199836482
3.730532402665376
3.724848642001135
3.7133773357517827
3.7118706754107085
3.700305767692985
3.694220047051021
3.6854605823538598
3.6765685343303103
3.660163256539546
3.6573743262564187
3.6406081291355075
3.635853768791421
3.6001667563753865
3.5947135312254317
3.5704197071833286
3.551380861606435
3.534673757608208
3.5097642963696143
3.4756665644175633
3.463044717339285
3.425933329482091
3.3943374403557858
3.3710310627189966
3.332932450267768
3.30951935505758
3.22076165501748
3.193831523827104
3.1399962297076445
3.1107164823606226
2.993081543553396
2.962861314090442
2.8968044045054304
2.8649472659481003
2.797651365076477
2.73165183158931
2.6939898415971157
2.6261252666458956
2.553655533309682
2.524401384777167
2.4552589069082646
2.4275913265780846
2.3014919103236973
2.282467039432925
2.2256243233544777
2.206966158337377
2.1588849942606094
2.14173575414606
2.0600109015410593
2.050396493393395
2.016155605851165
2.0067083470405764
1.979187144923304
1.9705697971685951
1.9261116458209167
1.9223021844453596
1.9043197288890168
1.900282987514645
1.8862103570492847
1.8823700786762538
1.8710661649449816
1.8640475553475466
1.8582772151573501
1.8519515099760782
1.8476160117554163
1.836524224473136
1.8325582327533805
1.8289991575514077
1.826101919895648
1.8195466641493012
1.81674785430787
1.8146238289726362
1.8125997677134782
1.8083178926280181
1.8062336108959962
1.8046092860334675
1.8014765415794372
1.8012382848790973
1.7960704399061331
1.7962349903800146
1.7907685938622218
1.7914366215788098
1.7884886577414183
1.7882993959951956
1.7859525617829428
1.7838614441466898
1.7810255891101026
1.780157837747347
1.7761226284053595
1.776554350237834
1.7698075839346565
1.7707041342337175
1.7664498678781886
1.7654722333276165
1.7619092562209335
1.7562058913977654
1.7514963476503556
1.7324376418063399
1.7230256530644932
1.7172850114554337
1.7018938945550528
1.7012991637305652
1.6726200471636283
1.673430890701692
1.655218419279773
1.6479566524680802
1.6339365736025966
1.6073745876495802
1.590136758834788
1.5737358413759268
1.5425489403478903
1.5358266257942088
1.4705282552970615
1.4632153666048155
1.3731947676282454
1.366425024813356
1.3101378401951431
1.276149999084735
1.2364069561300368
1.141421563226688
1.094566576723228
0.988850157079371
0.9360680912450551
0.832865195966939
0.7766909893565259
0.7322466953121225
0.6519330463012992
0.6442476498413002
0.5794724419306151
0.5491333183406082
0.5091103769117131
0.4359746796177904
0.3975642240030052
0.3712410779954126
0.3228614279384981
0.3204631176004095
0.28580498893161266
0.2727400531902215
0.25305140631346607
0.22335154287353604
0.2068155431272774
0.1984612961482614
0.18937231890157863
0.17355033264659636
0.16677287538931237
0.15853246780456803
0.15359048879144058
0.15170600987950084
0.14926941436594848
0.14572695920242296
0.14405202832222155
0.14320437392290924
0.14157931886207392
0.14159904308408866
0.14065390594397187
0.14039116100662638
0.1399218582086587
0.1393453314412765
0.13901111852343678
0.13887607742532973
0.13870734677478685
0.13844445846781708
0.13832280483079126
0.13825005756203956
0.1381184197299626
0.13811320169306693
0.1379491568391443
0.13795366780438834
0.13789119349637377
0.1378714124984765
0.1378360890859138
0.1377810398262354
0.13775101934242892
0.1377292058786539
0.13769028933638452
0.1376844212391636
0.13762186414614114
0.13760740793642762
0.13758169978408133
0.13753050298627453
0.13750562470895575
0.13744694902550267
0.1374203867607967
0.13726998146649852
0.1372330472008762
0.1371849852927826
0.13711514108923123
0.13706533449724606
0.13701794446357074
0.1368798824199103
0.13682580949367362
0.13643716502680614
0.13635550883807995
0.1360615994439253
0.13595777397191583
0.1355935815815964
0.1354659208264085
0.13498021275050892
0.1346317738376259
0.1344798130263471
0.1336600066204988
0.13347996306449036
0.13237580162263934
0.1320996058742859
0.12881911854059683
0.12846124313590937
0.12558544749932024
0.1250741068815965
0.12156169463925592
0.12094517505722073
0.11662891043851256
0.11589915101840571
0.11062336904408189
0.10979160070193317
0.10345630340786267
0.10257178216719222
0.09521415510816265
0.0943741872680935
0.09026376533610816
0.08731301663822755
0.08469643089147633
0.07715377336405038
0.07409058335472893
0.05578101190832275
0.05138811352445568
0.04762549596846553
0.0416774721332973
0.04081043986889516
0.031310683270652104
0.03122524394087005
0.02696543000847153
0.026252575081465054
0.019614807273069693
0.019474200206916245
0.01661725626142926
0.015634219213310267
0.013934659043581028
0.012691896042679262
0.010513728777578628
0.010387988068315875
0.008829405484555852
0.008225731875911468
0.007339800771494259
0.005955374212241858
0.005146681967546561
0.004747543245970448
0.004267156774862898
0.0034213887837319713
0.0029943210420299553
0.002743484508806117
0.0024832027410576405
0.001981246848788625
0.0017569310746854958
0.0016060203565606858
0.0014669830081703995
0.0009077069774730953
0.0007558169941220171
0.0007499806203969708
