11.56160831451416
25.780573844909668
43.3744170665741
53.96964931488037
60.241576194763184
66.51113939285278
72.71850752830505
78.88662338256836
85.04843163490295
91.31598496437073
97.68259596824646
103.9254035949707
110.20540952682495
116.41642689704895
122.6119773387909
128.8471052646637
135.12454319000244
141.42832684516907
148.0326464176178
154.3704652786255
160.63709998130798
166.95464658737183
173.2269024848938
179.52498984336853
185.79137110710144
194.2764298915863
207.17659783363342
219.99725437164307
232.83111095428467
247.94464492797852
254.1338095664978
264.70346450805664
277.937805891037
290.6122841835022
303.2923402786255
313.8522756099701
326.5400245189667
339.18799471855164
351.8793339729309
364.6315903663635
377.45372796058655
390.68528151512146
403.5230782032013
416.3911945819855
429.1233539581299
442.05405712127686
454.9354975223541
467.7672953605652
481.6125075817108
494.2951602935791
507.1589183807373
522.104229927063
528.2723774909973
541.1263961791992
553.9838714599609
566.8014414310455
581.7314858436584
587.9968092441559
602.8725695610046
613.4068794250488
628.6135919094086
639.079733133316
653.7844789028168
664.250884771347
679.0268170833588
691.5296223163605
704.1192922592163
718.7691535949707
731.462798833847
744.1611039638519
759.3980786800385
772.0735538005829
784.799343585968
799.6172728538513
812.297559261322
827.1315908432007
837.5864701271057
852.3758296966553
864.9957520961761
879.9437091350555
892.6638960838318
907.548280954361
920.2518656253815
935.1446530818939
945.6436891555786
960.516685962677
973.2281312942505
988.4551887512207
1001.152750492096
1016.0405797958374
1028.6926789283752
1043.513111114502
1056.1298904418945
1070.9260652065277
1081.393904209137
1096.1498110294342
1108.9047167301178
1123.7943580150604
1136.5919897556305
1151.2427921295166
1161.6870348453522
1176.4788224697113
1189.132242679596
1203.861380815506
1214.341296195984
1229.2544283866882
1241.9801573753357
1256.7652516365051
1267.2396867275238
1282.0200817584991
1294.671863079071
1309.500561952591
1320.1509265899658
1334.8969016075134
1348.0335941314697
1362.9318370819092
1373.4689218997955
1388.2503917217255
1400.880840063095
1413.5384781360626
1428.384017944336
1441.0418515205383
1453.5929231643677
1468.617163658142
1481.31955575943
1494.0392770767212
1508.8887803554535
1521.4957625865936
1536.1910076141357
1546.6374700069427
1561.521779537201
1574.3106305599213
1587.1226661205292
1602.0629742145538
1614.644056558609
1627.2085180282593
1642.1862392425537
1654.9004435539246
1667.5431017875671
1682.3785071372986
1695.0391557216644
1710.3041450977325
1720.8405983448029
1735.633131980896
1748.691705942154
1763.7537927627563
1774.406346321106
1789.3416533470154
1802.1146936416626
1817.0556316375732
1830.3395054340363
1843.0361454486847
1857.9984273910522
1870.8542416095734
1883.5668835639954
1898.6017496585846
1911.4554772377014
1926.465511083603
1937.0174477100372
1952.245751619339
1965.0534117221832
1979.952169418335
1993.1733255386353
2008.1919667720795
2018.8515892028809
2033.9258365631104
2046.794324874878
2062.2276046276093
2075.408779144287
2090.571841478348
2101.2254762649536
2116.2030050754547
2129.0530445575714
2143.9068307876587
2156.69988322258
2171.8396520614624
2184.749563932419
2197.925078868866
2213.036789894104
2225.821888446808
2241.051374912262
2251.7961077690125
2267.3944437503815
2280.088303089142
2295.1641035079956
2305.8163282871246
2321.137084007263
2333.9668021202087
2348.9895639419556
2359.6259911060333
2374.596442461014
2387.257892370224
2399.942220687866
2414.805548429489
2425.3226058483124
2440.164576292038
2450.659773826599
2465.470118045807
2478.1261944770813
2490.745461463928
2505.406805753708
2515.8106372356415
2530.612091779709
2543.339919090271
2556.086612224579
2570.808269739151
2581.1927959918976
2595.908993959427
2608.481196165085
2621.125535964966
2635.9971041679382
2646.5276153087616
2661.40163898468
2669.9522342681885
2684.9263439178467
2697.6628770828247
2710.3982696533203
2725.315905570984
2735.8404042720795
2750.8254878520966
2763.5007045269012
2776.0943224430084
2791.1154248714447
2801.7565970420837
2816.645497083664
2829.335141181946
2842.103682041168
2856.9686489105225
2867.5096583366394
2882.3374564647675
2892.7281374931335
2907.4823360443115
2920.1373538970947
2932.7812077999115
2947.548547267914
2958.0361330509186
2972.9252343177795
2983.396122455597
2998.256529569626
3011.90686750412
3027.3034954071045
3040.4196014404297
3053.3740227222443
3068.6175231933594
3081.7094538211823
3094.7066366672516
3109.950637817383
3120.8744163513184
3136.2196896076202
3149.4298412799835
3162.653017282486
3178.018081188202
3191.162746667862
3204.3292474746704
3219.5589258670807
3230.3414509296417
3245.732438325882
3258.7828936576843
3274.167458295822
3284.881544113159
3300.173960208893
3310.9739277362823
3326.4558362960815
3339.580100774765
3354.8754472732544
3365.726911306381
3381.1582205295563
3394.3677151203156
3407.326293706894
3422.5333120822906
3435.6562883853912
3448.6768708229065
3464.1532547473907
3474.990420103073
3490.3309631347656
3503.3821012973785
3519.0732703208923
3529.9268424510956
3545.365859746933
3558.462923526764
3571.553083181381
3586.8538613319397
3597.6590492725372
3612.8836896419525
3625.8103008270264
3639.1332767009735
3654.13796043396
3664.7333874702454
3679.6835656166077
3693.3427679538727
3708.3237845897675
3723.7244107723236
3734.5184178352356
3747.9009160995483
3763.306554555893
3774.209325313568
3789.420732498169
3800.197453022003
3815.450985431671
3824.0237793922424
3839.3091299533844
3852.322784423828
3865.354518175125
3878.4704687595367
3893.8323130607605
3904.7915709018707
3920.189836502075
3928.9064104557037
3944.3238327503204
3955.214915752411
3970.6133801937103
3981.5137593746185
3997.304841041565
4008.1819446086884
4021.1619930267334
4036.53475689888
4047.3836047649384
4062.782082080841
4073.7165904045105
4090.0245399475098
4098.670439481735
4114.123222589493
4124.95817565918
4140.266822576523
4151.15656709671
4166.531300544739
4177.44421172142
4192.798742771149
4203.774974822998
4219.295716524124
4230.609544277191
4246.030056238174
4257.014956235886
4272.3918216228485
4285.491973638535
4298.573652982712
4313.705107450485
4324.4327044487
4339.50448513031
4348.304404020309
4363.663147449493
4376.685205936432
4389.664130687714
4404.90295290947
4415.658936738968
4430.789932250977
4443.832552194595
4459.045266389847
4470.040011644363
4485.234226703644
4498.122512817383
4510.998538017273
4526.2056794166565
4539.27982378006
4552.220280647278
4567.412944555283
4580.403564214706
4593.721801519394
4608.835354566574
4619.496406316757
4634.535982131958
4647.626223087311
4662.810027360916
4673.502857208252
4688.602775335312
4701.570713996887
4717.057963848114
4727.740196228027
4742.80885887146
4755.67441701889
4770.888813972473
4779.461861371994
4794.651830196381
4809.813288927078
