64.9054298793501
24.666423421232594
5.913522503583863
3.317876300408898
3.171169507747436
3.1151837360882837
3.102077598060987
3.0659531318742665
3.0447913358593723
2.9750152821102347
2.8852873226348947
2.576343707676415
1.2263890680078475
0.6107245425239398
0.6027361839794594
0.5999957365393129
0.5985507811321895
0.5974644876616821
0.5967473268970025
0.5959599132334006
0.5935525927147864
0.593122201740016
0.5924618709673268
0.591857985445813
0.590935439106488
0.5900593444298465
0.5886553519478639
0.5877960832779081
0.5856254434302173
0.5838523660979718
0.5829697515860062
0.5802692852973905
0.5773863654094384
0.574769119292796
0.5718839269138698
0.5688640638220477
0.5638783431588763
0.5592096490161111
0.5538947591981014
0.5502139278064533
0.5422778041208858
0.5356767827900057
0.528302422875413
0.522445798209219
0.5162284287234797
0.5008221876730659
0.45805220391366674
0.4335123395937899
0.42859701263182615
0.3882181202263837
0.36698176722143216
0.35136830844840006
0.3308827896735238
0.31774283721665597
0.29705019601851745
0.28274290235913213
0.2688117374113972
0.25647277477855823
0.24371148060049563
0.23218022925698278
0.22054479907069435
0.21134407079784978
0.20401251567454892
0.18806510565786994
0.1749880021422996
0.16325447204349075
0.15512617744229829
0.14814914639305243
0.13844693417354392
0.12850209279076807
0.12279512400573367
0.11692280994338944
0.11168058092107458
0.10709951495095993
0.10210909084707964
0.09849755774826008
0.0945258219887819
0.09088809780587326
0.08785845415627591
0.08594585194464344
0.08157611837691547
0.0746522803553944
0.06628581243126064
0.06223793812728218
0.05055832714197095
0.05020875424611404
0.04990226439372236
0.0496299722715321
0.04928122155433812
0.04827589050569259
0.0457569472216619
0.04564218060818348
0.04548753114113424
0.04532078300098874
0.04525294598602159
0.045176991019843626
0.04508824148342683
0.04496435584201208
0.04492997940837995
0.04486743001552895
0.044820292329404765
0.044783110494563516
0.044719483436210794
0.04465451882811067
0.0446312420385766
0.04459368399284358
0.04456408726900918
0.04453933284207778
0.04450285039661139
0.04445392611637544
0.04444240365432961
0.044411355298279886
0.0443940446907618
0.04437230979215201
0.04436091795378161
0.044309734412081525
0.04429867620842742
0.044289994978498726
0.044275690951508295
0.04425589243828654
0.04422171622445603
0.04421110194971334
0.044202233892065124
0.04419011772233716
0.04416398403986932
0.04413662958609166
0.04412487084937311
0.044104318383688224
0.04408812562269304
0.04407139166323759
0.04405339152935994
0.04401133176156691
0.04399862882291927
0.04398770503257765
0.04397271870402619
0.04394030807748095
0.04390368901999864
0.04388921290887993
0.04385794828112921
0.043837046554699555
0.04380959473701296
0.04379968649595867
0.04371964455617672
0.04370143044457109
0.04368176078310171
0.0436404331974245
0.04348694247482854
0.04346598566507964
0.04343372629477926
0.04338203222027914
0.043293321369901605
0.043260233145247184
0.04323084964585178
0.04319251010883818
0.04310079918059273
0.04300135093421886
0.042957157379078126
0.04286576914819307
0.04280555086256754
0.042718345908042465
0.0426389851870681
0.042554627654453725
0.042491809145985826
0.042235621640202226
0.042168788551180114
0.04209656692705721
0.042001402739288096
0.04144827962340969
0.04131024895900737
0.04116582941423985
0.04101957479701923
0.04092174340121346
0.04045436690057613
0.040341591268315824
0.04020718234096421
0.039892468924335844
0.03951747019527829
0.0393517421703109
0.03920978062910763
0.03901233456963382
0.03866357549281929
0.038076851243204146
0.03786750201743416
0.03769937561241932
0.03742341589349962
0.03720241060091212
0.03627531713709686
0.03606190857567526
0.03577817335371947
0.03537307753367713
0.034463120016880566
0.03420447732969478
0.03389936550706807
0.033329212023090804
0.032379620306073775
0.03207513805182316
0.03173456361855642
0.03106073544768151
0.02999617074760863
0.029660093618076644
0.02926882910060158
0.028668233849202807
0.027361036461343247
0.02703712207562603
0.02657244964734673
0.025959713929978534
0.025402122695368234
0.024889097393952397
0.02419007273238094
0.023908150002625916
0.022982936537118803
0.022596759977886904
0.022197895261797385
0.02156790461458513
0.020317752499067865
0.01993883368754723
0.0193584243204441
0.018129659176565838
0.017769830006500342
0.017325618542372467
0.01608417362695036
0.01574495738555015
0.015525818566175076
0.014233411058512502
0.013914437256516976
0.013490476068682256
0.013058241089993317
0.012775065395999263
0.01253452776722952
0.012087885295386513
0.01129212721298245
0.011070039709693447
0.010698152270606442
0.010403920193539307
0.010270253853377653
0.009805401612766218
0.009657455223532452
0.009434368829715822
0.009272066078665375
0.008930368302571878
0.008797683693273939
0.008624251292530971
0.00846514180898339
0.008202892593317301
0.008088827752771977
0.007950493708221984
0.0078100094506226014
0.007601431406328629
0.007506624532425121
0.007394160595595167
0.007279042196159935
0.007108003176654165
0.007031616060203305
0.006938731219179317
0.006850891478507037
0.006706680763272743
0.00664707617897875
0.006569185428816127
0.006507879636956204
0.006382977513567312
0.0063381627696799114
0.006271746678976342
0.006234924400814634
0.006135658737775884
0.006098028096175767
0.006046104183269563
0.006011795018594057
0.005935874983379108
0.005904642709992913
0.00586399652502223
0.005834388174662308
0.005775045129894352
0.005749487798311748
0.005717381179010772
0.005692151562243453
0.005645767146461367
0.005624959036140353
0.00559958677126815
0.005578784493536659
0.005537146889082578
0.005522822771808933
0.005500085342191596
0.005482321614863395
0.005467572468205617
0.005442350226303461
0.005421491365723341
0.005408324152085697
0.005395492494244536
0.005379085722324817
0.005359425302913223
0.005350087662009173
0.005338659140306845
0.005329764124780922
0.00531282114957321
0.005305425138431019
0.005296264840808362
0.0052894787897912465
0.005275695858244944
0.005269837822197587
0.005262485627781643
0.00525720919813466
0.005246087949899447
0.005241468940539562
0.005235546428366433
0.005231614791455286
0.005222477780534973
0.005218822331244155
0.005214041739463937
0.005210996904907006
0.005203594677368528
0.005200709892505984
0.005196837995299575
0.00519461166459223
0.005188479937714874
0.005186188320521978
0.0051830434763360245
0.00518130640034542
0.005176323557634532
0.00517450378833928
0.005171940723130319
0.0051706810368159495
0.005166524729474986
0.005165064309267109
0.005162967461956214
0.005161220585250703
0.005159804928553058
0.005157258619192362
0.005155240919293647
0.005153898323669637
0.005152618905640338
0.005150879982693368
0.00514889995156409
0.005147897116330569
0.005146710441749747
0.005145674157347457
0.005143676627540117
0.005142962394302231
0.005141830027923788
0.00514093014021455
0.005140168317666394
0.00513883871053622
0.005137724290307233
0.00513698337272217
0.005136271623996436
0.005135263082820529
0.005134156621807051
0.005133550000209652
0.005132871919613535
0.005132143725631977
0.0051310246938101045
0.005130532483235584
0.005129873568876064
0.005129394920686536
0.005128374688410986
0.005127910964574767
0.005127338682541449
0.005126844721189627
0.005125972583073235
0.005125523788819919
0.005125018179114704
0.005124449798586284
0.005123610275404644
0.00512320431084845
0.005122698453078556
0.005122210330000598
0.005121346541272942
0.005120966357026191
0.005120453990002716
0.0051200256048105075
0.005119130943739947
0.005118766240002515
0.005118241754871633
0.005117853240335535
0.005116921936405561
0.00511656259072879
0.005116020800869592
0.0051156517852177785
0.0051146789096492284
0.005114314415777699
0.005113750428336061
0.005113378639634902
0.005112360171779073
0.005111978931608974
0.005111387997203565
0.005110987424131963
0.005109920357199371
0.005109508690338771
0.0051088859891024185
0.005108424229092634
0.00510730669179793
0.005106847330580422
0.00510618760563375
0.0051056216921097075
0.005104452975274398
0.005103922522494031
0.005103219328020714
0.005102488563352381
0.005101268733596953
0.005100632893800139
0.0050998768599583855
0.00509888894703181
0.005097617056435411
0.005096820324524742
0.005095994609064292
0.0050945943366969
0.0050932613248733105
0.005092675863124896
0.0050905121693176625
0.005089590930765553
0.005088352952043351
0.005087191852226169
0.005084985826670163
0.005083921861796625
0.005082534680923345
0.005081062880208265
0.005078625499209011
0.005077340093293969
0.005075775932027682
0.005073858070772985
0.00507116079052139
0.005069569002216667
0.00506778890348869
0.005065213964826398
0.005062218146804298
0.005060183615569258
0.00505812699134367
0.005054542270272577
0.005051184737794756
0.00504846640183132
0.005046024015655348
0.005041918069537132
0.0050315534690525965
0.005028509415069493
0.005024228510364992
0.005011132280969832
0.005007424036421071
0.005003166452979713
0.004986694918443391
0.004982209548188621
0.004978346997631888
0.004957729300940628
0.004952344148023258
0.004949430952592593
0.004923749437693914
0.004917333039202276
0.004906675633719715
0.004896419273563879
0.0048883152874168445
0.004880882962652322
0.004871084078331478
0.004837962598685408
0.004828822038234648
0.004818131413458104
0.004778203347314047
0.004767365515590427
0.0047555689179716865
0.004707955276899156
0.0046952031784712744
0.0046819871256502665
0.00462589880021369
0.004611012878285692
0.004595783911099716
0.004530618960416177
0.004513383963740125
0.004495111739743152
0.004420584037234221
0.00440079686086392
0.004377808435265251
0.004294104716109359
0.004271582099818261
0.004241304645120181
0.0041492624341117335
0.0041238459955366125
0.0040824995730872615
0.00398378810587019
0.003960799163905904
0.003916839894145596
0.003889734230369868
0.0038168871610650967
0.0037850900484954764
0.0037479249642728973
0.003689735146735984
0.0036349447045722627
0.0035885066927221487
0.0035115428977405827
0.0034688728392211488
0.003428118518058909
0.0033357221743699483
0.003185219127772143
0.0031434047411948995
0.003086543885729043
0.0030139153450363665
0.002932724640231754
0.00288087465787612
0.002773483253804443
0.002720789768090981
0.0026698782216953987
0.0025521027953345765
0.0024041542833401763
0.002350556809687987
0.0023035481272017932
0.002089962393483802
0.0020288940986574744
0.0019584788187785307
0.0018671746049676585
0.0018149682898638275
0.00172957623954062
0.001688454989107413
0.001549579424363401
0.0014428313334065024
0.001397944787868255
0.001313012619220899
0.0011727614626124705
0.0011264630356890848
0.0010588026755158353
0.0010146853537662537
0.0009749275743615726
0.0009386440785874584
0.0008701196745732886
0.0008289036916266923
0.0007810297386185994
0.0007270096734828257
0.0006932843909908115
0.0006689209565138299
0.0006418372151983931
0.0006112189566920279
0.000589101739706166
0.0005649955123772088
0.0005374529766868363
0.0005173600002308376
0.0004961053143688332
0.00047139970411080867
0.00045316057344280125
0.0004345812517385639
0.0004124796455471369
0.0003959438752190181
0.0003798302298037015
0.00036010921053275524
0.0003451428763128206
0.00033126687003459665
0.00031371454429063306
0.0003001968796070287
0.0002883244983422628
0.0002727414851051435
0.00026056190449708083
0.00025046268433470686
0.0002366624696605868
0.0002257182045468653
0.00021717214053751377
0.00020498104299804254
0.00019517543319125252
0.00018797758411892573
0.00017723450901030446
0.00016847588744894892
0.00016243908839896903
0.00015299515166589117
0.00014519621186082077
0.0001401522802098043
0.00013187038325668254
0.0001249478984846064
0.00012074775349901756
0.00011350209001648182
0.00010737687216533232
0.00010388985356257763
9.549103447170637e-05
8.775338619670947e-05
8.24343221665913e-05
7.792144128870859e-05
7.536833504673268e-05
6.9180607852104e-05
6.353518961077498e-05
5.9631568774420884e-05
5.629349152513896e-05
5.4494928917847574e-05
4.981561392014555e-05
4.5872326381868334e-05
4.2042299355671275e-05
3.862424728140468e-05
3.621743348958262e-05
3.4137166949221864e-05
3.3091818522734684e-05
3.0086657261563232e-05
2.7823959271700005e-05
2.530355232011061e-05
2.3406344780596555e-05
2.1263755343170487e-05
1.969000368262641e-05
1.7860258594737388e-05
1.6565807982260594e-05
1.4998077631389606e-05
1.394093555973086e-05
1.2594884310601628e-05
1.1736658962036017e-05
1.0579720310488483e-05
9.8863586117659e-06
8.891755669537815e-06
8.333747473443509e-06
7.479090299966629e-06
7.0313426476786844e-06
6.297635081864428e-06
5.939133416177356e-06
5.144480610397295e-06
4.518157084021368e-06
4.283804855731432e-06
3.59403975380701e-06
3.263374537709751e-06
3.1169417979981517e-06
3.0965607038524467e-06
3.060869630644447e-06
3.0319808956846828e-06
2.9860850645491155e-06
2.874827032428584e-06
2.2725369035470067e-06
2.0620616396627156e-06
1.8796176846080925e-06
1.7236316125490703e-06
1.5902423911029473e-06
1.5320831607823493e-06
1.4782101516175317e-06
1.4283007203630405e-06
1.3820645108353347e-06
1.3392252640187507e-06
1.2995305951335467e-06
1.262746764041367e-06
1.2286598121136194e-06
1.197067149405484e-06
1.1677821021294221e-06
1.1540803370735375e-06
1.1408835689508123e-06
1.1281701972620795e-06
1.115925897465786e-06
1.1041306606784929e-06
1.092766979127191e-06
1.0818205282703275e-06
1.0712740277085686e-06
1.0611151992634404e-06
1.0513269899092847e-06
1.0465892046340741e-06
1.0419385034765583e-06
1.0373735221946845e-06
1.0328919870516984e-06
1.028491851684521e-06
1.0241726613458013e-06
1.0199316875514342e-06
1.0157693850487703e-06
1.0116827979800291e-06
1.0076698799821315e-06
1.0037299489340512e-06
1.0017927252192749e-06
9.998720997828059e-07
9.979687547456706e-07
9.960835996025708e-07
9.942150427377783e-07
9.923630841512932e-07
9.905293154588435e-07
9.887119176710257e-07
9.86910436040489e-07
9.864631920208922e-07
9.855714324658038e-07
9.85127826425014e-07
9.833584044827148e-07
9.833581771090394e-07
9.833581771090394e-07
8.838892426865641e-07
8.625818281871034e-07
8.326526312885107e-07
8.184433681890368e-07
7.114279014786007e-07
6.970431059016846e-07
6.745640348526649e-07
6.499383289337857e-07
6.237958132260246e-07
6.047084752935916e-07
5.795666311314562e-07
5.676390628650552e-07
5.414103725343011e-07
5.302490535541438e-07
5.201425210543675e-07
4.968944722349988e-07
4.6726950131414924e-07
4.603605248121312e-07
4.5209299059933983e-07
4.410403562360443e-07
4.3098407331854105e-07
4.246230673743412e-07
4.130629349674564e-07
4.079581685800804e-07
4.0308418647327926e-07
3.965292307839263e-07
3.81332256438327e-07
3.772249783651205e-07
3.72983322449727e-07
3.6814662962569855e-07
3.65789674106054e-07
3.579004896892002e-07
3.519633082760265e-07
3.498994374240283e-07
3.4797471926140133e-07
3.4026516004814766e-07
3.3886408346006647e-07
3.37139681505505e-07
3.359143647685414e-07
3.346760877320776e-07
3.331908828840824e-07
3.3217042982869316e-07
3.310308329673717e-07
3.2975276553770527e-07
3.288998868811177e-07
3.2785919756861404e-07
3.267575721110916e-07
3.2604316402284894e-07
3.2509706215932965e-07
3.2414664019597694e-07
3.235463736928068e-07
3.226916760468157e-07
3.2186881071538664e-07
3.213619947928237e-07
3.2059233490144834e-07
3.1987769943953026e-07
3.1944910006131977e-07
3.18757201966946e-07
3.18136471832986e-07
3.1777176445757505e-07
3.171519438183168e-07
3.16610339723411e-07
3.162963366776239e-07
3.1574381864629686e-07
3.1526928978564683e-07
3.1499757824349217e-07
3.1450508686248213e-07
3.1408808354171924e-07
3.1385138754558284e-07
3.1341278372565284e-07
3.13045575239812e-07
3.128370735794306e-07
3.124475824733963e-07
3.1212221074383706e-07
3.119366738246754e-07
3.115892468485981e-07
3.1130070965446066e-07
3.111342721240362e-07
3.108270902885124e-07
3.10566292682779e-07
3.1041508918860927e-07
3.101422407780774e-07
3.0990759114502e-07
3.097698026977014e-07
3.095285592280561e-07
3.093143732257886e-07
3.091845428571105e-07
3.089714937232202e-07
3.087764071096899e-07
3.086527158302488e-07
3.084628588112537e-07
3.082836883550044e-07
3.081672730331775e-07
3.0799719752394594e-07
3.0783053261984605e-07
3.0771798265050165e-07
3.075672339036828e-07
3.0740875445189886e-07
3.072996150876861e-07
3.0716478249814827e-07
3.070160801144084e-07
3.0690580388181843e-07
3.0678552320750896e-07
3.066420504183043e-07
3.0653200155938976e-07
3.0642308956885245e-07
3.0627484193246346e-07
3.0604860512539744e-07
3.0593400879297405e-07
3.058153197343927e-07
3.056206878682133e-07
3.0546380003215745e-07
3.053341970371548e-07
3.052341526199598e-07
3.0513251658703666e-07
3.0498995329253376e-07
3.047755399165908e-07
3.0466276257357094e-07
3.0455066735157743e-07
3.043464857910294e-07
3.0419528229685966e-07
3.0404316930798814e-07
3.038237537111854e-07
3.0369778869498987e-07
3.0357841751538217e-07
3.033612756553339e-07
3.0295564101834316e-07
3.0282831176009495e-07
3.0262845029938035e-07
3.021739303221693e-07
3.020370513695525e-07
3.0185219657141715e-07
3.0134037842799444e-07
3.011891749338247e-07
3.009188276337227e-07
3.007073701155605e-07
3.004740847245557e-07
