4.250608318521946
3.811058563123798
1.3743367517441076
0.3809709387718883
0.20920492986663916
0.11379837652664974
0.10529034155847516
0.27652446940420244
0.10837765776562887
0.23270014942627812
0.1113340452827671
0.2652548694499624
0.11770068282296435
0.08359640744309861
0.08367647697582441
0.05505400476631374
0.049851225869736775
0.05962002671807625
0.0554322440406746
0.05670393358611643
0.036212146606984366
0.04111801979733994
0.036348554845222314
0.041035271971036236
0.03691590524571705
0.042341817326534754
0.03846892151460942
0.04724679914181433
0.04305022073140304
0.03923388155905332
0.05737551507509801
0.04748283397780553
0.04773495261888243
0.040604719288009676
0.04222332840517835
0.052993461733155243
0.05427654463461296
0.04324877084854675
0.0484336631787276
0.07173247859223089
0.08078878583000891
0.06724626231628547
0.08448358472777666
0.07377821486948276
0.09838491092248888
0.03363429127335563
0.13818324254400996
0.0318472444382064
0.19477239007898106
0.05365456784901773
0.08100297835109982
0.05167647784525527
0.08199955948221264
0.06265359114807768
0.10277283794941444
0.030051705162246874
0.08504748072957714
0.02448953943083192
0.08180252462905327
0.023731646247780385
0.09007538172821632
0.033518167440794625
0.11907904709580315
0.027005595664608608
0.10684302426764046
0.022354265197894893
0.07860948983460887
0.027115239108154856
0.10615050943774723
0.016132962219169763
0.05534949190916373
0.01566987236963891
0.05379876060973529
0.0174467976862794
0.05618290525854525
0.020145808608495606
0.06453912285114705
0.013966339464094046
0.046836986475837825
0.022548957585979724
0.023810373354746044
0.08908730924573591
0.026997020930687933
0.07275735523774508
0.019812288032701172
0.011337514457208474
0.021229378066797706
0.011344502911443335
0.014799839436707261
0.03657906718367439
0.015372902004673191
0.011593354746671536
0.0166611116708012
0.011458145738141122
0.014100464688197043
0.011518922766012745
0.015386456772384307
0.011441646560220722
0.013617232578144416
0.011481226552117632
0.012738917838650967
0.011508664869090586
0.013594323867105266
0.011478774555811816
0.012731567896509088
0.01150038500292297
0.012280277014551299
0.011517881437805643
0.013015195053453193
0.011517757633681007
0.012465724392321393
0.011530982004658215
0.012158425997799685
0.01154323615031118
0.0129845972031234
0.011566834088736709
0.011769091240782369
0.01167843236603593
0.011617064800604397
0.012172327693263657
0.01166231535449449
0.011626327676354879
0.011810783803294304
0.011591314706414455
0.012215084435106336
0.011616983445608919
0.012013291111437079
0.011620547184827176
0.01189234729627637
0.011624083433408426
0.012502635043271267
0.01167264706341713
0.011708726423353678
0.011838270318997007
0.011631761828485925
0.012433264295319008
0.011653223788522652
0.012291515415999179
0.011646090203440108
0.0121850575878217
0.011640514958798812
0.013572402513799611
0.011684333012895261
0.01194063582428409
0.011632445295701134
0.015305862454594813
0.011729761073348628
0.012253225587153449
0.011622515548553673
0.013756564129053425
0.011640256103525076
0.01199559627647767
0.011883144827767644
0.011704145199228135
0.013050821876818084
0.011831013950970411
0.012788297189075417
0.011805176231281085
0.01261296349097078
0.01177642495897916
0.01244138271206871
0.011743533454898729
0.01570769236279435
0.012105877406440915
0.011944279109781986
0.011644996664002004
0.021252839591578608
0.0128912444458181
0.011722019190296497
0.012932843446863346
0.011668746991761224
0.018568618921190577
0.012335376252901507
0.01228993899116477
0.011498909467172906
0.01663801583301275
0.01196144548047701
0.011801766939254478
0.014072574022310663
0.01105694597089678
0.02122035089059792
0.011327233607230354
0.013135242761359384
0.013743530218909278
0.011330483618487925
0.023843123725717584
0.012677991122342103
0.013362034717960965
0.011041324173557356
0.023308304562578097
0.012353584074245817
0.013141299125728582
0.01072030886328896
0.023472191629439754
0.012090046205348242
0.013142594052549954
0.010363306257077301
0.024628464004564515
0.01195727690427442
0.01352719913155507
0.00998797254980488
0.027377031167255383
0.012141844802206937
0.014637151930776698
0.009665118507027328
0.0163199259553117
0.00969718508983825
0.018742107844275647
0.00989703648672181
0.022261011188803838
0.010383669479572371
0.012609723031088467
0.008515352213102784
0.028387333872314527
0.011971693684128903
0.007959281096719317
0.028178633482259526
0.011636931056135634
0.00741166084637351
0.02839104726208774
0.01142251305510349
0.006892247051103965
0.029054367132019285
0.011348452991621568
0.006424041641535552
0.014565951818529946
0.006790627035596096
0.009164399968591913
0.005696470662620331
0.022791878344166724
0.009084651063234955
0.0052642482478873626
0.011815336493318989
0.005543450906054072
0.016233539254146077
0.006440678373306412
0.010047219278165728
0.004933026169698272
0.013773630962094593
0.005643102219415493
0.008732621494237309
0.004451634573530799
0.011999811893760695
0.005041776932615301
0.007764169953819845
0.004064588739688356
0.010706464518588778
0.004582278393628904
0.007042022214448489
0.003751461391456587
0.00975971880142889
0.004230455693963385
0.006501449976825353
0.0034994227825044743
0.009070335088582137
0.003963747594577097
0.006099444515152442
0.0032995267371179796
0.00857773424570542
0.003766310569710631
0.005806737424444892
0.0031447617188288253
0.008240256817147427
0.003870025143067181
0.0046720616631612056
0.003251050882133176
0.006732206609361484
0.0032102492652199455
0.004678710183861378
0.002816354732989661
0.006513930601137077
0.003325794935951954
0.0038555025694317403
0.002913623634710132
0.005407873315415127
0.0028653475264088235
0.00391764193058426
0.0026153345265822123
0.005305531382396385
0.0028394084780005717
0.0038987141815273784
0.0025832219606183532
0.003142388776175798
0.0024785637179251295
0.00389926632582144
0.002564475807466611
0.003128531996301726
0.0024555652169984195
0.003928066601039784
0.0025590374270896697
0.003134749750237776
0.0024430129607573587
0.003985638679379156
0.0026284528711239138
0.002821987556782486
0.002493713111320045
0.003523599465200459
0.0024778598174808038
0.0028784314268303288
0.0024018529600114717
0.003509242665842833
0.0025287111093055185
0.002665820166943997
0.002439467909104798
0.003180062207609784
0.0024317764995296165
0.002708532698218088
0.0023817810994062735
0.0031703908331414624
0.002468252974932369
0.0025665952754145072
0.0024091546671940944
0.002939846651882312
0.0024068937359905114
0.0025969639785291447
0.0023736856028036615
0.002931009317265224
0.0024324947235613665
0.002503738998985943
0.0023933469333362093
0.0027724108532524872
0.002394349782322551
0.00252428338475809
0.002372105201702251
0.002434279725796449
0.0023644777839350174
0.0025395147648277347
0.002377526513096146
0.0024408998270123113
0.002368534686335226
0.0025556296173180506
0.002383533823733383
0.002449333634751474
0.0023729455179149848
0.0025753909488969865
0.002390054730435055
0.002459462171469567
0.0023776049935891387
0.0024098011860862138
0.0023734896772104846
0.002469024598442672
0.002382117531824187
0.0024144426650835864
0.002377253926580254
0.0024777396890878637
0.0023866865001102786
0.0024196128396572984
0.0023809956591575453
0.0024876952812605494
0.0023912918236554006
0.0024252686968579164
0.0023846836743962006
0.0024989418361501333
0.00239426526665043
0.002416046309616062
0.0023880106770870963
0.002477954841010006
0.0023929275417887332
0.0024149970631305163
0.002388475643615454
0.002464083940786391
0.0023964976962947914
0.002418544048068263
0.002391439198584486
0.0024699590408745207
0.002399885782736804
0.002422072420025523
0.002394266872006971
0.0024758706537795568
0.0024031425981049263
0.0024255155393169935
0.0023969518764408687
0.0024817197199927584
0.0024062560200146586
0.002428824564532566
0.002399487815812644
0.002487379452713685
0.002409210173744409
0.002431938451158513
0.00240186733764423
0.0024926798957971385
0.00241198274227187
0.0024347763860892613
0.002404080535091461
0.0024973872940170483
0.00241454140302752
0.0024372276548319865
0.002406112932462007
0.002501174551952312
0.0024168388049521775
0.002439137066988453
0.0024079427032295156
0.002503576308281806
0.002418805032733427
0.0024402825499297773
0.0024095364755019554
0.002503915932962401
0.002420335501156917
0.0024403380172703507
0.0024108424004919203
0.00250117648603731
0.002421269864527163
0.0024388056903288055
0.0024117774404585264
0.002493745004210809
0.002421351487237193
0.0026251465211456306
0.002424270515766835
0.0024939611566812707
0.0024118025917774437
0.002624108191022981
0.0024267226425402
0.0025022864750084456
0.0024124275523725457
0.0026417708590065815
0.002427950258701967
0.0025104610738018373
0.002412652158236861
0.002658426748440258
0.0024285059782048718
0.002518028765139028
0.0024123353359193685
0.0026728142488079893
0.002428031236763201
0.00252436373709374
0.002411250412892706
0.002682858915180516
0.0024259173008885607
0.0025284335417226195
0.002409013535904664
0.0035145691321484406
0.0025534544996946833
0.0024082774125236957
0.0037581572730942636
0.0025902694466980246
0.0024068994773834744
0.004040497304907811
0.002634991144660379
0.002404847642596992
0.004364206307277712
0.0026889659996715627
0.002402074893016164
0.0047316313566411975
0.0027536269078380395
0.002398568212407477
0.0031981983533574654
0.002438553507985328
0.0027766386648124695
0.0023879027772816456
0.005218466723944808
0.0028518537044865456
0.002378797030830904
0.005637156878771317
0.002937817396230042
0.0023670093464063773
0.006078877300633008
0.0030338197920938147
0.0023520576599143903
0.006535465055484699
0.003138825603558868
0.0023332866090427663
0.006996233114318328
0.0032509626579087965
0.002309930192271903
0.007447399778360595
0.0033673936224170977
0.0022811222962368254
0.007871657402619739
0.0034842328341651504
0.0022459520203926713
0.008247799077246095
0.0035965552654910853
0.002203624332108909
0.008550512541220735
0.0036985959300180125
0.003927771005041442
0.0029293145117979614
0.005525815801364482
0.0033351811715281224
0.0031992445821869483
0.0027452376280052643
0.004153058468087396
0.0030058215099883685
0.005243975886678179
0.0033803719718511257
0.002847802969370424
0.0027712650390413762
0.007873035742927987
0.00411069157036517
0.003511101075434307
0.003136628262482566
0.004709713007542871
0.0034536892752101093
0.005853674965988789
0.003853277328398577
0.00266489218316952
0.0030019734238891965
0.007998406695090192
0.0025231201836294842
0.0032759615906946546
0.009977467756462952
0.0029953892625723794
0.0034697612738355515
0.004606694610976687
0.0036776981915859386
0.005275847954050082
0.0016050516878533259
0.0029708868332448094
0.0061250564331082995
0.0017154888716532416
0.003206477830891419
0.007425257192034787
0.0019719456131129438
0.003265761248688596
0.0028839238250214986
0.0011213127535027825
0.004982389838747481
0.0015075102515662373
0.005659456836298992
0.0013075346751939697
0.006730928389712948
0.0010662045387732613
0.004227087525457808
0.0018029519995483034
0.0010704287153501999
0.004035679719919616
0.001657299334646812
0.0010293748834883
0.0038400769601495697
0.0015083826325898865
0.0009925698264809976
0.0036400755339596786
0.0013594374478209956
0.0009597172108126442
0.003438768661640907
0.001213413910487042
0.0009304155945804906
0.003238754668909866
0.0010728934096051815
0.0009041879314385675
0.0030421596951535415
0.0009401056032200851
0.0008805130188204185
0.0028506717032553207
0.0008169765621545851
0.0008588566924894849
0.0026655822736567298
0.0007051999538671241
0.0008386997712046177
0.002487833003833889
0.0006063163172201885
0.0008195604271107908
0.0023180637665523203
0.0005217673422730606
0.0008010097745511577
0.002156660491006329
0.0004528566375520962
0.0007826806852465696
0.002003800659555248
0.00040051263409934264
0.0007642706753157614
0.0018594951809562561
0.00036479935781091465
0.0007455402286875947
0.002744481675745488
0.0006578010116356147
0.0016275630510505742
0.0003129478771197025
0.0006619471878148444
0.0023652697841014363
0.0005915864503907263
0.0013980200956344386
0.00027546120291372777
0.0005927709754851577
0.0019941449834301383
0.0005355612044464975
0.001861972861049009
0.0004953010007454953
0.001098701173564273
0.00023515823324429537
0.0004934127450775778
0.0015280063281472175
0.0004510981310787195
0.0014036207719023083
0.00042046625024825537
0.001282359097231594
0.00039264410197105995
0.0011665774886881425
0.0003672398820442345
0.0010574095331579915
0.0003439144798292467
0.0009555214923384047
0.0003223825669540171
0.000861218187304936
0.00030240758821872056
0.0007745323042544108
0.00028379482515140307
0.0006952985086141601
0.0002663840940794429
0.0006232138141774103
0.00025004293268361574
0.000873138451642513
0.000501703035843016
0.00021922076726176568
0.000656301674079043
0.0003925039665599658
6.885521508518594e-05
6.438779948604673e-05
6.85971296136685e-05
8.288163906040463e-05
0.00011856131984291731
0.00023856172166245753
0.0008167557037078678
0.0007492184477414939
0.0006859794182711525
0.0006275559824897854
0.0005735828848583105
0.0005486511996425543
0.0005246700011668888
0.0005016034300913894
0.00047941699264732326
0.000458077525969129
0.00043755314877181955
0.00041781321453258837
0.0003988282659613733
0.0003805699912263177
0.0003630111841528901
0.00035456760240202005
0.00034628594353837525
0.0003381632649279154
0.0003301966067384024
0.00032238306928207615
0.0003147198092413909
0.00030720404081475673
0.00029983303302197616
0.00029260411077034723
0.00028551465280303304
0.00028203808770029974
0.00027859508412940215
0.0002751853573182727
0.0002718086014677401
0.0002684645154254202
0.00026515279882964035
0.0002618731566987581
0.0002586252961427089
0.0002554089269956452
0.0002522237624026515
0.00024906951916719473
0.00024750763257682225
0.00024595332887695766
0.00024440657980362825
0.00024286735096556842
0.0002413356086833053
0.00023981131922596425
0.00023829444847512702
0.0002367849631393638
0.00023528283025138299
0.00023490910955337356
0.0002341625875508881
0.00023379023111943842
0.00023230268682118783
0.0002323026867804677
0.0002323026867804677
0.00010800309523390177
7.43805329279709e-05
7.212178287864727e-05
0.00022004481813173995
0.00010065780424243154
6.0017637905576755e-05
7.097632157904164e-05
7.245680994332936e-05
7.291535722060268e-05
7.192565918309102e-05
7.487235547556244e-05
7.839729928495031e-05
7.741166567870057e-05
2.6933395529359747e-05
6.171527851051324e-05
9.167661363918663e-05
7.761027911894166e-05
2.5581280669742193e-05
6.142132491234598e-05
3.3599490507606186e-05
6.312716851612908e-05
4.274402383782484e-05
6.538102457985413e-05
2.2043214122243677e-05
5.4184731681462016e-05
6.947942922261641e-05
2.088832961830422e-05
5.25512411414441e-05
2.793308743884376e-05
2.5683355547608863e-05
4.5503623110289096e-05
3.608098300124724e-05
2.1980799932770566e-05
4.408439337975905e-05
4.777466508513597e-05
1.9535845193620788e-05
2.8020516663256014e-05
4.6808884843677106e-05
1.9366430983752478e-05
2.7202150336035072e-05
4.5354755784035304e-05
1.9112694967815964e-05
2.643768318824769e-05
4.3845578006283276e-05
1.8908806383874997e-05
2.573558246971047e-05
4.232412180394067e-05
1.8742572991883898e-05
2.5094716102246142e-05
4.0819473036996004e-05
1.8605676409168526e-05
2.451210542728416e-05
3.9351447435466244e-05
1.8492362701815286e-05
2.398384580369933e-05
3.793345286216962e-05
1.8398561885735763e-05
2.350564101871126e-05
3.6574345903626765e-05
1.8321299388017906e-05
2.3073116521373128e-05
3.52796871106618e-05
1.825830596791889e-05
2.2682003029671814e-05
3.4052613780068375e-05
1.8207763046680295e-05
2.23282402395885e-05
3.2894461991659725e-05
1.8168140556781305e-05
2.2008033722900828e-05
3.1805227456532705e-05
1.8138094013510838e-05
2.171787660942222e-05
3.0783901254016986e-05
1.81164036854497e-05
2.145455528995664e-05
2.9828729126257722e-05
1.8101938367686863e-05
2.121514095538975e-05
2.893740708570863e-05
1.8093636130297697e-05
2.0996973761432094e-05
2.8107232992760597e-05
1.8090494175405405e-05
2.079764403628125e-05
2.73352274817094e-05
1.8091562846929607e-05
2.0614966974370008e-05
2.6618223687472748e-05
1.8095944034476834e-05
2.044696087015487e-05
2.595294148037375e-05
1.8102787407123466e-05
2.0291820537068944e-05
2.53360403044475e-05
1.8111287487782064e-05
2.0147892105356366e-05
2.4764160582630376e-05
1.8120677416466115e-05
2.001364525344012e-05
2.4233950344767348e-05
1.8130220774216943e-05
1.9887644016069133e-05
2.374207828927684e-05
1.8139199210210492e-05
1.976851284744366e-05
2.7787618606542354e-05
1.9128875621510012e-05
2.4085952358397836e-05
1.9688449199148684e-05
2.5340584162770956e-05
1.920592027019373e-05
2.2685208016783175e-05
1.7836123749322513e-05
1.9146671119449194e-05
2.6463139981812583e-05
1.8633500518889545e-05
2.2998963340754778e-05
1.911622383919376e-05
2.4088675333598827e-05
1.8736547440456144e-05
2.5763906064119285e-05
1.8314628215127055e-05
2.2370331128685822e-05
1.8748915526598527e-05
2.9887111732396722e-05
2.202802473514342e-05
1.8468104784396204e-05
3.0175576377332636e-05
2.1844462751134706e-05
1.822095705513429e-05
3.0574178437743465e-05
2.1700840281896854e-05
1.8003567259730176e-05
2.3085107379127247e-05
1.7768967673283012e-05
2.485675510716501e-05
