71.40050259094814
69.30706724786009
68.68690405222756
68.46064096118637
68.38990038484619
68.31533552062334
68.22999761371494
67.16935607863812
67.73770135758298
66.60755309141878
66.363966824823
62.824531780020685
48.64613994457137
35.83638435919075
35.50369470580001
35.97106066282121
35.80745224089099
35.618890735988856
35.80122783626161
35.52424905490209
35.734438808052786
35.59044600181572
35.673394165677486
35.51795642898196
35.60892861037538
35.415306618418576
35.53127105178081
35.26158657283979
35.44501342265235
35.23083059955289
35.375157527254494
35.00280562306404
35.19030692029521
34.91469556154578
35.00380256698114
34.58379734887011
34.78779336261634
34.402798529835664
34.48143105201739
33.80180688623834
34.10856781248961
33.41529055787914
33.67391106449409
32.93225725531779
33.24610648771625
32.78626170644485
31.079959058618684
30.590072145273915
29.26495101073834
28.76556634810429
28.33385506469581
27.450353712835263
26.970300263717025
26.030670013648855
25.463596441366803
24.993059887210652
24.410073584776725
23.9421360469908
23.31459527194088
22.85276613308118
22.149037399498273
21.750601281897293
20.944710406612305
20.812983476725524
19.54232087552152
19.477181407530075
18.751548497595778
18.62125214399238
17.295267662726644
17.37100941248004
16.91773749992823
16.59605593131116
16.15459988761657
15.877670759490876
15.421128013172716
15.32506854425045
14.720598975984675
14.712571403300934
14.357983041386673
14.183025028246002
13.946992783690803
12.327427598085553
12.471982273307914
10.815931509736147
10.538209467947242
10.510453844970177
10.420782554778986
10.407815555066424
10.357599781933743
9.712775986848452
9.641472693910842
9.639131895372504
9.551686168478424
9.552815690948588
9.513592919253632
9.511662006697604
9.44506805918366
9.446152066387668
9.415644208248148
9.414691674722908
9.38813511607116
9.386034838565369
9.339580990899004
9.339591571714047
9.317952619922375
9.316933591491717
9.297690127354322
9.296056086823217
9.261672794693107
9.26174679192105
9.245268452580952
9.244701028494529
9.229841153004696
9.228862575773224
9.202016779223964
9.202689161903717
9.195925450695226
9.192881251972276
9.188827999045145
9.171614459550398
9.166517779351055
9.163104884718434
9.156953214290626
9.155868341458707
9.136390517576338
9.136248222867902
9.12605536278171
9.125599467312675
9.115968325571096
9.115265695345851
9.096861532684324
9.097243385403285
9.092219363221703
9.089910291128627
9.086783098002071
9.073326109297263
9.069078672235806
9.063078956607011
9.059129272463794
9.052933527098658
9.04922374723714
9.036369528929532
9.030882534260538
9.028358020419526
9.025246891220043
8.997385378385054
8.99037424369702
8.988061370993794
8.98434779523962
8.969930009895023
8.96433367763879
8.960925612661605
8.954096637935418
8.952928305122734
8.930131678630595
8.929857502589172
8.915420057903592
8.914735727557053
8.899827453019308
8.898809222172604
8.883124266596164
8.881667647185953
8.848716449135019
8.848664454605366
8.838075651626488
8.835552505207431
8.763402897252854
8.762198909802887
8.759503889009306
8.735753371907776
8.732787142974944
8.681761985524309
8.68029682543078
8.663709168442521
8.65930794878883
8.600473401724694
8.59711154974954
8.577357515514235
8.564882868252662
8.551824450044993
8.487096518478852
8.466528199389195
8.448808901433727
8.421195968181568
8.413244404881477
8.315058926135086
8.309021068835413
8.277490875466345
8.267924431499392
8.155450608547275
8.147809442634866
8.11162215896848
8.10002411105297
7.968588795350801
7.959101263142745
7.916867496971055
7.902969794918774
7.748724989905327
7.737550455369465
7.688486338512037
7.672541998835297
7.495649035760781
7.483633207173772
7.428394647504533
7.41158259341837
7.311419066088608
7.294735679566543
7.187185488674554
7.170964008019609
7.0592534870020565
7.044262139724801
6.984406305934133
6.964799704953378
6.750093697141371
6.739685459927051
6.719327556348096
6.501617742306025
6.491673031310194
6.471935057497669
6.256297012494026
6.246929404049075
6.228554092479328
6.021052416911835
6.012276026631276
5.995927569464733
5.894029107480377
5.881195318393636
5.828035255003837
5.811390803143991
5.624718459027205
5.618474718079157
5.603848396404506
5.515079657591515
5.504024711467701
5.416508274162876
5.409552207188256
5.364243259172038
5.353828183882274
5.2766487747505275
5.270106589736466
5.23048378612503
5.221028357935326
5.153088834747264
5.147159765317329
5.112500292994448
5.104106834458717
5.0445228688999215
5.039347049987472
5.009085294699995
5.001800617218959
4.949800872708726
4.945454597845981
4.91910518562389
4.912924358780131
4.867772328566785
4.864272972448748
4.841385761692167
4.836259854925606
4.79721836827841
4.794536947100256
4.774681009527961
4.770529716974586
4.736863844085414
4.735434086433319
4.725785136194936
4.7158655240673495
4.69568705374627
4.6896272281356834
4.67507165694082
4.671903543413396
4.647027201228095
4.646002656471671
4.638710976881046
4.631512992464836
4.61637911881192
4.6120379123997495
4.601333610850129
4.598949504539453
4.580531845905125
4.579416587149602
4.570056721958576
4.56822390728194
4.560040736845378
4.557787157917601
4.543344771029497
4.5419643460493075
4.534791621739862
4.532984891882794
4.520427914907087
4.519444560008269
4.513144729719468
4.511732773328878
4.500800697093143
4.500400853623348
4.497142000552567
4.494034962371143
4.487289483518547
4.485438735146035
4.48071891777013
4.4796675046988605
4.471447177013238
4.47116272254269
4.468710903489896
4.466374653841515
4.461284982982781
4.459894993503478
4.456322479902996
4.45553234715057
4.449286402055233
4.4490815444512934
4.447217576708541
4.445440486316507
4.441557779373529
4.440501338052939
4.437766021206427
4.437164564735147
4.432364583945999
4.43221409617448
4.430778555002675
4.429410834150238
4.4264100026098205
4.425597790144679
4.423477897487226
4.423012306883574
4.421125941470833
4.420567408765771
4.417148688828673
4.416774219677141
4.415063775684774
4.414589958236221
4.411505933250161
4.411212323824019
4.409656007727303
4.409260307561548
4.406471326425742
4.406253401888008
4.4048312806040135
4.404507453249498
4.403232042861331
4.402843588848103
4.40050598586136
4.400230070796901
4.399049004006264
4.398703847346333
4.396545677295502
4.396310505286577
4.395213553479845
4.394908609021543
4.3929111875212365
4.3927144183662765
4.391692267293768
4.3914246673624415
4.389571121228321
4.389485736100878
4.388853265969192
4.388333091407728
4.387013248029589
4.386713946179612
4.38584474950031
4.385599889486241
4.384009153912408
4.383840262772879
4.383015413556354
4.382787153035028
4.381270197036482
4.381115447613078
4.380324361585062
4.380110073972028
4.3786551969225
4.3785118975544
4.377748774728366
4.377545680936711
4.376141478509881
4.376006782016103
4.375265923863318
4.375071115752473
4.373706174948316
4.3735769839159255
4.372852628816836
4.372662964590007
4.371325488475439
4.371198313959976
4.370484416417544
4.370296367357883
4.368973646856009
4.36884439230638
4.368134295341784
4.367943709485985
4.366621310091337
4.366484923286079
4.365770824875228
4.365572537846891
4.364232932346451
4.36408280348138
4.363354802436958
4.363141942359454
4.361761984237209
4.36158880402474
4.3608330046704165
4.360595614868857
4.359141308262194
4.358930613720348
4.3581248242943245
4.3578467196803565
4.356260616781441
4.355986475489175
4.354209069865031
4.354078280372956
4.353357068951945
4.3528271442120605
4.351282848949192
4.350666283367146
4.349880752371461
4.349314177391321
4.347595960798941
4.346939238139308
4.346045780955018
4.34543116616775
4.3434773823694695
4.342767408486577
4.341725543332165
4.341045693452115
4.33876435606144
4.337980523529094
4.336726842117105
4.33595390093413
4.3331953783427775
4.3323011958703646
4.330725394985688
4.329808180529849
4.322860086512844
4.322217369848447
4.321119698235352
4.312897339687937
4.312178157996307
4.310916271533798
4.301193499246488
4.300393392143494
4.29895000715363
4.287509673835281
4.2866257190008925
4.284985655339249
4.27161084795546
4.27064219482221
4.268793687427147
4.260916063768645
4.259001363981647
4.254310958009298
4.252140822460187
4.232166875996107
4.23101547305648
4.228403485106997
4.204662703683756
4.2034305372217515
4.200439040477746
4.1722876515175065
4.170992003000192
4.167583065978136
4.13433019923778
4.132996428051305
4.129130262057889
4.0899910864530264
4.088654198745773
4.08428757735206
4.038359632397456
4.037065479948976
4.0321486836064535
3.978374892517863
3.9771810730392416
3.9716524653664447
3.9087623996674066
3.907738562595481
3.901515256147357
3.827929768526407
3.8271567620867977
3.8135314160972342
3.798371219772228
3.765908698557607
3.7469345105762617
3.7310577799117124
3.715331005952796
3.677048978787649
3.6570160092215716
3.616484098798572
3.591637957807282
3.571642192106977
3.5512923996359778
3.4529231140621928
3.413586733686685
3.3939933209752104
3.365752226831099
3.313014018788285
3.277827393498856
3.2259134649660686
3.1835628743678956
3.1595774112591637
3.1282075615434155
3.000386980095461
2.968664249402095
2.930958923095412
2.803805568440243
2.762633479583586
2.7185010980113664
2.6587734915464605
2.604291558537263
2.548957188880994
2.5176476993320347
2.479804201437587
2.3358986197452443
2.296941294852171
2.2508298158555937
2.115310657896822
2.0670060626929194
2.015179357465216
1.9557116782369572
1.9250414422988684
1.848031042994242
1.8491292139465834
1.7276237534977241
1.737329083149037
1.6047223150693668
1.626843754715428
1.5556561995692058
1.5556673077178709
1.5274979174317016
1.458727299730352
1.4593917064765294
1.432255309985195
1.3661044171969228
1.3672107465795014
1.3412121121687022
1.2778526862140407
1.2791962225720537
1.2544112810479744
1.1939627762033547
1.195373789267349
1.1718524511500004
1.1143887276059106
1.1157309080675712
1.0935006339648332
1.0390563652993159
1.0402240221161019
1.0192933150936045
0.9678700075184457
0.968784537858556
0.9491462424081317
0.900717782439492
0.9013238185067876
0.8829581439752661
0.837475814247807
0.8377373539146451
0.8206145703483604
0.7780114975630293
0.7779082405963124
0.761991020922097
0.7221860444544009
0.7217100824947481
0.7069554864556348
0.6698564584547415
0.6690094059813351
0.6553705185611021
0.6208770655584668
0.6196676699655183
0.6070949195677271
0.5435235296329783
0.5575974191263716
0.527243945191337
0.526873268768669
0.5158676252628316
0.46066681291061345
0.47326065630076175
0.44719659554907987
0.44688353152596044
0.43750213893275053
0.3903672233136671
0.401015452125784
0.35722158320830155
0.3675197296037716
0.347117212968786
0.34678490073366963
0.33952037664838963
0.3028738478331836
0.31096789617958814
0.2773122172344415
0.2848146538336641
0.25400149887153545
0.26085093419985356
0.23273661263352244
0.23891227942146545
0.21333841313647167
0.21884396168763987
0.1956446923066382
0.20050130207581768
0.17950880809869976
0.18374964910944117
0.16479826132699862
0.1684641475423254
0.1513933046968103
0.15452937275167783
0.1391856295858568
0.14183887822120475
0.11467322536761163
0.11838032934217288
0.12020868044660596
0.09881275864870587
0.10134321859871247
0.10353933681531706
0.10319511714814804
0.10254284354035131
0.1019627345042656
0.10092529540482487
0.09760961144099597
0.06462505261580623
0.06360925900528658
0.06266946175260588
0.061811109519088483
0.06102663563816782
0.0606666662969986
0.06032203767837531
0.05999203496661352
0.0596759767503748
0.059373213869231174
0.05908312799135838
0.0588051302298725
0.05853865981029422
0.05828318277228083
0.058038190752115304
0.05792052829810671
0.05780526019623471
0.05769233223403698
0.05758169047312031
0.05747328229585955
0.05736705633594757
0.05726296247511392
0.057160951792735414
0.05706097655949101
0.056962990195676536
0.05691493840627905
0.05686736202446511
0.05682025593453272
0.05677361476304501
0.05672743321832078
0.05668170604440521
0.05663642807785662
0.05659159420453173
0.05654719936668045
0.056503238573198306
0.056459706900820986
0.05643814684110373
0.05641669165901167
0.05639534084191724
0.05637409379379701
0.056352949931303256
0.05633190867228584
0.05631096942744956
0.05629013162327417
0.05626939468848081
0.05626423442175447
0.056253927063602945
0.05624878548177173
0.05622824834681227
0.05622824834620487
0.056228248346188024
0.054995131899602985
0.054658302448521795
0.05373269616962691
0.051296833558704145
0.04961028894721859
0.04948601142853575
0.048640157431538315
0.04782009225099966
0.0468883194966555
0.04625756879861735
0.04531369278571675
0.04488974070424029
0.04391021912333324
0.04380913441463521
0.043250162168130143
0.042156624606144076
0.04111473144436148
0.04118187461943703
0.04066208398969417
0.04040970054155314
0.03982136342523452
0.03972806126772589
0.03909087939021251
0.03913272107828058
0.03877505244417226
0.03843718413069142
0.03806302427017746
0.03773614259891236
0.0377091140047652
0.037505354362719984
0.037312644354702725
0.03706269348401025
0.03685209064953894
0.03666462006610455
0.03659839387478845
0.03637644983258194
0.03628622250818066
0.036117936303125917
0.03619639252044379
0.03611549804375689
0.03596268456092186
0.03604167231795145
0.03596689683851914
0.03582855811722181
0.03590626306614857
0.03583750334728977
0.035712550118749846
0.03578774167755286
0.03572476119954916
0.03561207065835081
0.035683941788033906
0.035626425276880154
0.03552489107279018
0.03559294271021618
0.03554053265718895
0.035449094958367046
0.03551305167087865
0.03546537288928526
0.035383035554284084
0.0354427832448225
0.03539945928877625
0.03532529858007312
0.03538083817262196
0.03534150210574634
0.03527466985240936
0.03532608273717263
0.03529038395240998
0.03523010711277305
0.03527752932012929
0.03524513759768068
0.03519071551587074
0.0352343184880065
0.035204926107415546
0.0351557263818379
0.035195702658451254
0.035169025172336714
0.0351244787285741
0.035161031371229674
0.03513680745530412
0.0350964032435565
0.035129738047054444
0.03510772874198082
0.03507100832011534
0.03510132811857387
0.03508131566406172
0.035047867830716097
0.03507536835785689
0.03505715478097888
0.03502661034673614
0.035051477181311325
0.03503488274560881
0.035006909471651984
0.035029315752383494
0.03501417732207424
0.03498847500187422
0.035008579570318804
0.034994748934661576
0.03497104453394978
0.03498899023808916
0.034976332393708245
0.03495437510034112
0.034970286926092345
0.03495867829586984
0.03493823422806725
0.03495221686103815
0.03494154337975264
0.034903878764382015
0.03492518774274121
0.03490199941532688
0.03491174892102796
0.03488119732911062
0.03489546620469384
0.03487680647768187
0.034888255736095365
0.03487866295913115
0.034843627884233265
0.03486173322671777
0.03484038537789859
0.03484818069712079
0.034819090305136344
0.034830385296421865
0.034795556771145084
0.034811655721337036
0.034790415431600774
0.034796780796345586
0.034737972602713295
0.03475044322025057
0.03475609096007806
0.03469474207741521
0.03470697543187449
0.034712259712170054
0.034647757063775236
0.0346597334433959
0.03466460129164393
0.03462975542775359
0.034637705851330566
0.03459633065977253
