12.728063344955444
23.206550359725952
31.92299795150757
41.04958462715149
47.708518505096436
54.30156636238098
60.86186146736145
69.69891834259033
76.32631349563599
85.24696493148804
91.84304618835449
98.44922423362732
105.07237005233765
111.71817469596863
118.32914710044861
127.36247038841248
143.16691756248474
152.24222540855408
165.97331500053406
179.44898557662964
195.1342089176178
206.12506556510925
219.4477198123932
230.5233895778656
243.84384894371033
254.81309962272644
268.17825150489807
279.5657365322113
293.2197835445404
306.6297674179077
317.78407859802246
331.7674283981323
345.399334192276
358.97787046432495
372.36406993865967
383.4809651374817
396.86321926116943
410.6468336582184
424.1452476978302
435.3481373786926
449.024582862854
462.742840051651
476.242280960083
489.84108424186707
503.41955828666687
519.3843998908997
526.1969978809357
541.9214210510254
553.1282405853271
568.8002696037292
584.3453001976013
597.6487882137299
613.2106659412384
626.4417488574982
641.9789328575134
657.5704021453857
673.1560859680176
688.5873129367828
704.0290884971619
719.4759178161621
734.9225029945374
750.4009058475494
766.2763080596924
784.1246383190155
797.3164865970612
815.2071077823639
830.852561712265
848.6853978633881
861.9854311943054
879.8426504135132
897.9449813365936
913.5918340682983
931.4123418331146
946.9712762832642
964.996417760849
982.911771774292
998.6214187145233
1016.9897260665894
1034.9639382362366
1050.6626861095428
1070.8813881874084
1082.0085761547089
1102.4134938716888
1111.2646894454956
1131.6442513465881
1149.4358351230621
1167.3740811347961
1185.256599664688
1205.3671045303345
1214.1751067638397
1234.2520837783813
1254.6950170993805
1267.9944443702698
1288.097680091858
1303.4852137565613
1323.3970456123352
1336.6544799804688
1356.7123658657074
1372.7157950401306
1392.7591688632965
1408.2906086444855
1428.3878676891327
1441.722374677658
1461.7763447761536
1477.2558813095093
1497.4065930843353
1512.881156206131
1532.7890539169312
1545.9918506145477
1565.9119956493378
1581.553158044815
1602.3747465610504
1618.432002544403
1639.0565123558044
1652.7674672603607
1673.4049615859985
1691.8408966064453
1710.2450735569
1731.0847113132477
1744.623186826706
1765.321877002716
1783.6158351898193
1801.8138296604156
1822.2677500247955
1835.9279563426971
1857.308848619461
1873.7249858379364
1895.0016033649445
1911.442692041397
1932.102182149887
1945.7521505355835
1966.635814666748
1984.8105845451355
2002.9505898952484
2023.7855854034424
2037.3795065879822
2058.303467273712
2074.543711900711
2095.670841693878
2111.840752363205
2133.332715034485
2147.201877593994
2168.076657295227
2186.321319103241
2207.2558381557465
2218.6030855178833
2239.3718218803406
2257.8031430244446
2278.515325307846
2292.1594862937927
2312.813084602356
2331.0029458999634
2349.056371450424
2369.5300357341766
2383.266867876053
2403.649297952652
2419.334424972534
2439.7622718811035
2455.683387041092
2476.0538096427917
2491.986874103546
2512.488589525223
2526.166225194931
2546.653582572937
2565.246212244034
2585.72870016098
2597.0224351882935
2620.0717961788177
2640.672175884247
2656.6522998809814
2677.116700410843
2690.921370267868
2711.3524963855743
2729.46835565567
2750.101282119751
2763.7118163108826
2784.020093679428
2802.09925031662
2820.201030731201
2840.5125980377197
2854.0692253112793
2874.578690290451
2892.853754758835
2911.196431875229
2932.0287239551544
2945.5744976997375
2966.0112545490265
2984.418302297592
3004.9720067977905
3018.606788635254
3039.2178406715393
3057.636871099472
3078.245581150055
3091.971720933914
3112.691515684128
3131.0852568149567
3151.8882715702057
3166.047838449478
3186.685384750366
3205.065046072006
3225.68555188179
3239.332492828369
3259.822849035263
3278.20166182518
3299.1821715831757
3315.163100719452
3335.7324619293213
3351.8582496643066
3372.6043803691864
3388.619136095047
3409.591050863266
3427.9387431144714
3448.5267753601074
3462.4302039146423
3485.6713666915894
3506.599391222
3520.5204532146454
3544.049558401108
3564.994689464569
3579.7399814128876
3603.2486317157745
3623.7549805641174
3637.327483177185
3660.4593670368195
3680.9118781089783
3696.8279979228973
3717.431030511856
3735.908228635788
3756.398176908493
3770.258537054062
3793.1872277259827
3813.9421696662903
3829.7427093982697
3849.9967834949493
3865.692867040634
3886.251399755478
3904.396904230118
3924.9331526756287
3941.49622130394
3961.9761033058167
3980.152553796768
4001.1499648094177
4017.1124494075775
4037.6309807300568
4056.0666007995605
4076.8411939144135
4092.9125328063965
4113.527848243713
4132.090180158615
4152.713421821594
4168.7116532325745
4189.1563313007355
4207.420728445053
4227.800666809082
4243.984248638153
4264.315201282501
4282.42427444458
4302.889088153839
4318.872468709946
4339.500385761261
4357.850096464157
4378.620656251907
4394.672283411026
4417.660256385803
4435.662676811218
4455.986119031906
4471.766204833984
4494.670680522919
4512.680087804794
4532.988642454147
4548.922382354736
4571.905180692673
4590.091719388962
4610.999948501587
4626.829240322113
4649.566782951355
4667.623209238052
4687.861531496048
4703.621150493622
4724.221309423447
4742.374286651611
4762.814010858536
4780.7668998241425
4800.975051641464
4816.510411262512
4836.603632926941
4854.975530862808
4875.213702201843
4890.965845108032
4911.134381771088
4929.166399240494
4949.478434085846
4965.743131160736
4988.490096569061
5006.437507867813
5026.887019872665
5042.740879058838
5065.553223609924
5083.877222299576
5104.292270183563
5120.022646665573
5142.7987196445465
5160.919234514236
5181.342353343964
5197.185173034668
5220.442628622055
5238.492281675339
5258.803459405899
5274.53396821022
5297.271186828613
5315.464028835297
5335.828619718552
5351.606718540192
5374.457519769669
5392.629201173782
5412.887031078339
5428.705060958862
5451.910403013229
5470.077388525009
5490.509694099426
5506.274375200272
5529.085423707962
5547.33793926239
5568.04553604126
5586.22657084465
5606.707892179489
5622.712682247162
5643.0245270729065
5661.128410577774
5681.876918792725
5697.629298686981
5717.864233493805
5735.901496171951
5757.023557901382
5772.897872924805
5793.215263366699
5811.4364495277405
5831.803424835205
5849.806631565094
5870.074687957764
5885.744152545929
5906.133315324783
5924.49356675148
5944.966079950333
5960.813433885574
5981.328862428665
5999.563303947449
6020.249560832977
6036.176962137222
6057.035008192062
6075.259194850922
6095.890739917755
6111.827549934387
6134.479561090469
6152.414684295654
6173.203534603119
6188.998377561569
6211.666831493378
6229.6916246414185
6250.032459020615
6265.787350893021
6286.447781562805
6304.574758768082
6324.9736115932465
6340.864193439484
6361.259309530258
6379.339386940002
6399.835654258728
6415.724289894104
6435.926349639893
6453.90548324585
6474.243546009064
6489.960847616196
6510.435397386551
6528.812754392624
6549.243444919586
6564.966414690018
6585.428238391876
6603.556027412415
6624.192412376404
6640.255390882492
6660.821753740311
6679.13497710228
6699.783665180206
6715.785435676575
6736.307593822479
6754.3902180194855
6775.32669377327
6791.1777057647705
6811.666498661041
6829.845304012299
6850.334176063538
6866.181800127029
6886.666513681412
6904.69801568985
6925.00995016098
6940.750919818878
6961.186105251312
6979.35688662529
6999.730303525925
7016.004398345947
7036.392594575882
7054.471482515335
7075.060681819916
7090.808792591095
7111.279076337814
7127.446011543274
7149.97847366333
7167.900039434433
7188.239195346832
7203.914063215256
7224.154181480408
7242.465509414673
7262.845423221588
7278.733466625214
7299.260657310486
7317.260682106018
7337.464987039566
7353.105710268021
7373.439353942871
7391.367746591568
7411.7943551540375
7427.620234489441
7448.2519094944
7466.480906009674
7490.734592199326
7506.468490123749
7526.9909682273865
7545.066361904144
7566.049932479858
7579.600831747055
7602.694497823715
7623.0582637786865
7636.447791099548
7658.930599927902
7679.2353575229645
7692.700349807739
7715.48825097084
7735.871136188507
7749.275655031204
7772.037932395935
7792.46932888031
7806.2168509960175
7828.8740746974945
7849.736173868179
7865.756325483322
7886.059292793274
7904.089908361435
7924.527400016785
7937.7878885269165
7960.72501039505
7981.196043252945
7994.639097213745
8017.35284781456
8037.840258598328
8051.393411397934
8074.342576742172
8095.240411996841
8108.620993614197
8131.165549039841
8151.338415622711
8164.628348350525
8187.101569890976
8207.70156121254
8220.886526346207
8243.100862979889
8263.033461332321
8276.264303922653
8298.944706201553
8319.236805200577
8332.908717393875
8355.237888336182
8375.381943702698
8388.719460248947
8410.977545261383
8428.75644826889
8448.95662355423
8464.591566324234
8484.857911109924
8502.737015247345
8522.792775154114
8538.385379076004
8558.534611701965
8574.596544981003
8594.746047496796
8612.67214179039
8632.880681753159
8646.277077913284
8666.544618606567
8684.439999341965
8704.520864486694
8720.064279079437
8740.12500667572
8755.637474298477
8775.6423163414
8793.459598779678
8813.705957889557
8827.047337770462
8849.417363405228
8869.307289123535
8882.491353273392
8904.832709312439
8925.256936311722
8940.713820457458
8960.585311889648
8976.16215634346
8998.432243824005
9018.47932267189
9031.752926588058
9054.575032949448
9074.821308374405
9088.213046312332
9110.572117090225
9130.706305027008
9146.319372653961
9168.798215866089
9186.536041975021
9206.72233581543
9222.387027978897
9242.452914714813
9258.056399822235
9280.237920999527
9298.441777467728
9316.588339567184
9339.430658817291
9357.603750705719
9376.158676624298
9398.820200681686
9417.375602960587
9435.44519329071
9458.14622092247
9476.28512597084
9494.53468489647
9517.328280687332
9535.716002464294
9553.919067144394
9576.581637382507
9594.967223405838
9613.419394016266
9636.259234905243
9654.96897983551
9672.974242925644
9695.714953184128
9713.841418027878
9732.150567770004
9755.034999370575
9773.364015340805
9791.40658712387
9814.07696223259
9832.062814474106
9850.256504535675
9872.80632853508
9891.0435090065
9908.86458683014
9931.129618883133
9948.947565793991
9966.635518312454
9988.965899705887
10006.859554052353
10024.80963730812
10047.259458303452
10065.203156471252
10083.179662942886
10105.893872022629
10122.004104852676
10142.191210269928
10160.026845932007
10177.843120098114
10200.213751792908
10215.758667707443
10235.914174556732
10253.960273504257
10271.72914648056
10294.07379937172
10309.625596046448
10329.64177775383
10345.295809745789
10365.791969299316
10383.622674942017
10401.481380701065
10423.932778835297
10439.478756189346
10459.612619638443
10475.2824614048
10495.576436042786
10511.313447475433
10531.413766622543
10546.974276542664
10567.065641880035
10582.691101551056
10603.146662473679
10618.729246854782
10638.912110805511
10654.412890672684
10674.598801851273
10690.324134349823
10710.770793437958
10726.671459674835
10746.94146680832
10762.593480587006
10782.875795602798
10796.269851922989
10818.80969452858
10838.991104841232
10852.516828298569
10874.721362829208
10892.449914693832
10921.383598566055
10948.119371414185
10975.140715837479
10999.709203720093
11020.022246599197
11028.795751094818
11057.7170586586
11089.187911748886
11119.024863481522
11148.698053359985
11181.500404834747
11213.539144515991
11245.315874576569
11277.001436471939
11309.093675851822
11341.499386072159
11373.494604825974
11405.746056079865
11438.039765834808
11470.525637626648
11504.592582941055
11538.7902739048
11573.108270645142
11607.416960477829
11641.286598682404
11675.406475543976
11709.74777841568
11744.01541686058
11778.138213634491
11813.039400577545
11849.858308076859
11886.531536340714
11923.480231046677
11959.907469272614
11996.343963384628
12032.628081560135
12069.444241762161
12105.812753677368
12142.120328426361
12179.216042041779
12215.667423248291
12254.679847478867
12293.854204893112
12332.917421340942
12372.03046965599
12411.165664672852
12450.19163608551
12488.798368215561
12527.896261692047
12566.161239147186
12609.168499469757
12650.375801086426
12693.416226148605
12731.854009628296
12827.619446754456
12943.775282144547
12966.756044626236
12984.774137973785
13005.493512630463
13018.717767715454
13038.741909265518
13056.557570695877
13076.580289840698
13092.124128818512
13112.719630241394
13128.473297595978
13148.400694847107
13163.878448724747
13183.962212324142
13201.789975881577
13221.893893003464
13235.147946834564
13255.491828203201
13273.363875865936
13293.514278411865
13309.134655952454
13329.288650035858
13344.87106513977
13365.415217399597
13383.217079639435
13403.354774713516
13416.743775129318
13439.023133993149
13459.124331474304
13474.727546215057
13497.46132016182
13517.555971860886
13530.874691486359
13553.333733320236
13573.473165512085
13586.790506124496
13609.417254447937
13631.713021278381
13649.552792310715
13667.364890575409
13689.679038763046
13707.533788919449
13725.659591674805
13747.888231039047
13765.757657527924
13783.653787612915
13806.147722482681
13824.104536771774
13842.121819734573
13864.572479724884
13882.56026506424
13900.595986127853
13923.175490617752
13941.09727191925
13959.132996797562
13981.92566871643
13999.687325716019
14017.566104650497
14039.893508195877
14057.826874017715
14077.874423027039
14100.968209266663
14119.188643217087
14137.239334583282
14159.789095640182
14177.837858915329
14195.95147395134
14219.188889503479
14237.468652009964
14255.576306819916
14278.776530742645
14297.140887022018
14315.45728969574
14338.118795394897
14356.139961957932
14374.195630073547
14396.997641086578
14415.19133901596
14433.179571151733
14456.097208023071
14474.11370420456
14492.12649345398
14514.96074128151
14533.04406785965
14551.1088514328
14574.252812623978
14592.426784038544
14610.85970902443
14633.668932437897
14651.954404115677
14670.04109954834
14693.091884613037
14711.024756669998
14729.089702367783
14751.535173892975
14769.447078466415
14788.179223775864
14810.740975141525
14828.397310256958
14846.107747554779
14868.299270391464
14885.904718875885
14903.73350739479
14926.315932750702
14944.079359292984
14961.852468013763
14984.203872203827
14999.736242771149
15019.750612974167
15037.591830730438
15057.930568695068
15073.467348337173
15093.634459972382
15111.518081903458
15129.47140455246
15151.897269964218
15167.963031291962
15188.275501728058
15206.354950904846
15226.752356052399
15242.446020126343
15262.689105987549
15278.39542889595
15298.820667028427
15316.719515800476
15336.777539014816
15349.98030257225
15372.184280872345
15392.166809082031
15405.848766565323
15428.100816726685
15448.179634809494
15461.450236558914
15483.930367231369
15504.091761112213
15519.754447460175
15540.12366938591
15555.736893892288
