226.35516755712842
53.396278243494635
4.638581518237515
4.365002421448253
4.277414421972935
4.1928909326088615
4.004677092409338
3.9859333598908506
3.7139871390722874
3.6703314730259535
3.5822556995685773
3.389437660203839
1.5116850402475848
0.1949557810874012
0.16804435614972135
0.16058095252469684
0.15498922328993103
0.15405745717930586
0.15393404780024866
0.15388472245081175
0.15384781740362996
0.1537559883731774
0.1536565203182363
0.1535256419081179
0.15342298332802784
0.1529244455286971
0.15275185730797602
0.15263066715033347
0.15230107957995642
0.15199270179141422
0.15152407707637394
0.15099983942809558
0.15098315673731122
0.1498068976407012
0.1497939520672844
0.14806930539634777
0.14739292452645714
0.14686269325238754
0.14568206623880542
0.14431250264283335
0.14267428577977626
0.1418381806047364
0.13531550106199575
0.13366358390408095
0.133266736761243
0.12868076378504156
0.12821262887223384
0.12183263548786272
0.11929443248254756
0.1172785261323952
0.11335316369627435
0.10909167495469774
0.1039663871376888
0.099408172168296
0.09284384811257951
0.09008723988335987
0.0814753961135466
0.0780015264897429
0.07635604928304929
0.07063439559783546
0.06873563657609338
0.06201030126044316
0.05970812105965706
0.058503188721942934
0.05523257091931555
0.054511272811168965
0.050650892373596434
0.049745417339181586
0.04845044949138355
0.04758130830373375
0.046158724908991644
0.04567506650437281
0.045572864019277404
0.04473166488401148
0.04444369874499898
0.04435057518526264
0.04391199186420636
0.0437443114724374
0.04369135181696038
0.043446724039768014
0.04335060965536286
0.043312793454788334
0.0431845644054647
0.043128421989194976
0.043104536630835355
0.04303323654266933
0.04302606449641644
0.04294364894258251
0.042927185170810844
0.04290224762416983
0.042880786558498585
0.04285380867713684
0.042842294103138556
0.042812063828705504
0.04280809422130005
0.04277240306623753
0.042758628487263195
0.042747647513351694
0.042745312209035546
0.04270821542468184
0.04270275003045754
0.04265580661581225
0.04264989196803981
0.042592658702233166
0.04258548115558369
0.04251540496557027
0.0425058480750522
0.04241976631305988
0.04240642125182603
0.04230040093398202
0.04228138382950419
0.04215048601736271
0.04212322463513374
0.04196118445634056
0.04192218970229078
0.04172096567003791
0.041665659440923264
0.04141477412053973
0.041337590706461924
0.041023125678520955
0.04091845467632993
0.04052144196907648
0.040386780033713876
0.039880452368834085
0.03972481007212991
0.039069429639766895
0.03893312268223781
0.038065014515041184
0.03765533032287749
0.03730546481301644
0.03717888503388167
0.036100297980055984
0.03599768912545187
0.034467901091147723
0.03387248676494892
0.033533020699223925
0.03238276232855242
0.03169551543851412
0.03011470757519419
0.029547802911565668
0.02750968601844761
0.026592702196467144
0.0259978035610402
0.024555315156703728
0.02417271479430383
0.021833249964402057
0.021218460706677433
0.01998711278247356
0.01913820343270345
0.018745487538808447
0.017440870185055246
0.01675746595901728
0.016634451993468247
0.015326376604662073
0.014985126986175601
0.014195066640240839
0.013803258378857208
0.013285866049727701
0.012905502469493513
0.012544844296598967
0.012391655993269524
0.011727802961786438
0.01148684621512075
0.011308875954455289
0.011137041682559357
0.010992851031005557
0.0108730591055064
0.010821881532137922
0.010605237325989947
0.010533478969136922
0.010487415459238036
0.010435352888862326
0.01040298809084561
0.010364043091158237
0.010341375259031338
0.010311897473229692
0.010295865915395552
0.010273253504919921
0.010261612206477366
0.010244007196433813
0.010235145196020312
0.010221212769465637
0.010213982000777833
0.010202750046801157
0.01019631650615338
0.010187055994038019
0.01018076900709275
0.010172895174491714
0.010166148084408633
0.01016522365102901
0.01015201254836029
0.010149404979074461
0.010138180102785554
0.010134080630450626
0.010124321190005503
0.010118400771943925
0.010109540724670296
0.0101083606159591
0.010086055951660455
0.010084992290785522
0.010066097654544137
0.010061617433848369
0.0100448929358663
0.010036650908205047
0.010021318125154721
0.010008351415081052
0.010004033905943288
0.009975818056091157
0.009964333355355848
0.009938463767412031
0.009919792020582463
0.009894730503901883
0.009874080563804455
0.009814086602318639
0.009794659555154794
0.009740884413531603
0.009708316932574235
0.009657290032009769
0.009648519732309069
0.009516767602463005
0.009508612871059086
0.009391985573302009
0.009363779579189213
0.009257686828959777
0.009207350357428368
0.009108287527169523
0.009030848023712679
0.009025849047930024
0.008833442559989635
0.008789519656147604
0.008615462490524806
0.008537688757542128
0.008376993184583625
0.00825950549915433
0.008104309681357336
0.008006294162441918
0.007632678637719437
0.007568369678210729
0.00724188725894237
0.00713407592297699
0.006835340710040327
0.006681771170406137
0.006403708904372252
0.0061992477769763354
0.005933513761647191
0.005881209947574462
0.005219633329261342
0.00493435945645615
0.004676969851061585
0.004399111229986374
0.004288425913046012
0.0036327472726043197
0.0033326063974072895
0.0031130564718750975
0.0028287228501540085
0.002618247104692273
0.0023577305466915277
0.0021710930832341546
0.0019347620223015838
0.0017849597825261299
0.0015715838756023004
0.0014678515474315645
0.001273674866069996
0.001220309693053423
0.001039189240145788
0.0009440497801733727
0.0008586864373683056
0.000774994506400617
0.0007206200327800616
0.0006448697099585843
0.0006216736614987894
0.000549637677067949
0.0005111533071158192
0.00048158281083487964
0.0004477200679957605
0.0004337806631156127
0.00040256636111735133
0.0003855376658066234
0.0003713497940225352
0.00035673815477821336
0.00035035541918659874
0.00033677430019452004
0.00032924817878665635
0.00032325115421372175
0.0003167583427057252
0.00031431392403646896
0.00030825754106444947
0.00030500057528115576
0.0003025960097602365
0.0002997585711455031
0.00029893711871409323
0.0002962144967568747
0.00029478264923454844
0.00029385715652097133
0.00029257546952976554
0.0002923267054484313
0.0002910714376866963
0.0002904308862525795
0.0002900567956203304
0.0002894680396821059
0.0002891194544645259
0.00028878234593321395
0.0002884767043269676
0.00028827705341427645
0.0002879910334740998
0.0002879073044823599
0.00028762034116880386
0.00028746139128088544
0.00028732616942761524
0.0002871716678782832
0.00028706976331704936
0.00028691394663837855
0.0002868406713787408
0.00028667815718108614
0.00028663074499490904
0.00028645630163737223
0.000286434240251765
0.00028624246237995976
0.000286134177031272
0.000286021698912009
0.00028589831458702974
0.00028583959124262037
0.0002855080815606925
0.000285331011582457
0.0002851764768365683
0.0002849709342171991
0.0002847584619303234
0.00028472337862694985
0.0002842599662926659
0.0002842318158400303
0.00028369934875627223
0.0002833911485140561
0.0002830540865943476
0.00028294311664467386
0.00028224879520166724
0.00028211730545990577
0.0002813206119753886
0.00028121372065470496
0.00028029715940647293
0.00028023494996887166
0.0002791772208183829
0.00027855907433149696
0.0002785040228445723
0.00027667333301906183
0.0002757650806870515
0.0002749700931872212
0.00027391190769776586
0.0002727992223299225
0.0002727035257521493
0.00027014024567506567
0.0002700064335385832
0.00026711888426689256
0.00026551058726909105
0.0002652608559401415
0.0002607306983009039
0.0002582608562988753
0.0002563645732607256
0.00025348700228278176
0.0002508607337858848
0.00024758181120887457
0.0002460127577705862
0.00023710469599791395
0.0002327625070392969
0.00022826862050351338
0.00022331269610731397
0.00022184657655088813
0.00020827617140639632
0.00020061462782905437
0.00019561876365514763
0.00018701912745200389
0.00018098903342433914
0.00017202100093527406
0.00016480225031045848
0.00015553382331745524
0.00014692111085423676
0.0001374216399199213
0.00013301043509272859
0.00011012764525730745
0.0001008596045721788
9.34684735511837e-05
8.44418348151521e-05
7.874234006521874e-05
6.937482339708367e-05
6.623097738156503e-05
5.636947366838285e-05
5.0435130560799735e-05
4.5059878857500735e-05
3.936244775104569e-05
3.483993646113959e-05
2.992410463775741e-05
2.6515496529100346e-05
2.2323428083836916e-05
2.0080361764485133e-05
1.647886188038683e-05
1.5310713024518918e-05
1.2138373449488427e-05
1.1890448831763933e-05
8.99323754310899e-06
7.68471045375918e-06
6.789397957618348e-06
5.6667524859221885e-06
5.291924253469915e-06
4.222748430038337e-06
3.6404173897608416e-06
3.190378492945456e-06
2.6934515062748687e-06
2.4470939479215303e-06
2.029651113844011e-06
1.9403100850468036e-06
1.5717444057372632e-06
1.3960629985376727e-06
1.262756541109411e-06
1.1177553460584022e-06
1.0585147265373962e-06
9.269238034903537e-07
8.555093700124417e-07
7.961280061863363e-07
7.374831056949915e-07
7.064318197080866e-07
6.573154678335413e-07
6.468342235166347e-07
6.032378223608248e-07
5.823380888614338e-07
5.672341103490908e-07
5.500066890817834e-07
5.436183982965304e-07
5.281867743178736e-07
5.200556643103482e-07
5.13453869643854e-07
5.068118298368063e-07
5.035080903326161e-07
4.978655852028169e-07
4.969244855601573e-07
4.91839045935194e-07
4.894277481071185e-07
4.878033905697521e-07
4.857872681895969e-07
4.851140147366095e-07
4.833050297747832e-07
4.823659764952026e-07
4.816006367036607e-07
4.808218818652676e-07
4.804098807653645e-07
4.797382189281052e-07
4.795815584657248e-07
4.789703780261334e-07
4.786652425536886e-07
4.784158136317274e-07
4.781520601682132e-07
4.779926712217275e-07
4.777557478519157e-07
4.776616151502822e-07
4.774401531904005e-07
4.773148702952312e-07
4.772480224346509e-07
4.769676706928294e-07
4.768417056766339e-07
4.7675325731688645e-07
4.766284291690681e-07
4.7653702495153993e-07
4.7640992306696717e-07
4.763044216815615e-07
4.761727723234799e-07
4.7604021347069647e-07
4.760092906508362e-07
4.757405349664623e-07
4.7568937588948756e-07
4.754128895001486e-07
4.753428584081121e-07
4.750579591927817e-07
4.7496132538071834e-07
4.746675585920457e-07
4.7453227125515696e-07
4.7422622628801037e-07
4.740350050269626e-07
4.737114522868069e-07
4.7343519327114336e-07
4.730813998321537e-07
4.728515250462806e-07
4.719242951978231e-07
4.7182106754917186e-07
4.708945198217407e-07
4.7071489461814053e-07
4.697574240708491e-07
4.694741164712468e-07
4.6848185775161255e-07
4.6806053433101624e-07
4.6702757572347764e-07
4.6641071094200015e-07
4.6532250053132884e-07
4.6441800805041566e-07
4.6323611968546174e-07
4.6253444452304393e-07
4.5941214921185747e-07
4.5909587242931593e-07
4.560267825581832e-07
4.5546335059043486e-07
4.52310587206739e-07
4.514138254307909e-07
4.4817284106102306e-07
4.4683520172839053e-07
4.434921265783487e-07
4.4155058276373893e-07
4.380672180559486e-07
4.3525369619601406e-07
4.315234036766924e-07
4.296175575291272e-07
4.198018359602429e-07
4.150253971602069e-07
4.1228395275538787e-07
4.0012355384533294e-07
3.9335054680122994e-07
3.863995061692549e-07
3.836389623756986e-07
3.702043613884598e-07
3.6670348890766036e-07
3.5248694985057227e-07
3.4896879697043914e-07
3.338525402796222e-07
3.305360678496072e-07
3.144511993014021e-07
3.1163312996795867e-07
2.9449688554450404e-07
2.843867150659207e-07
2.7870100893778726e-07
2.5222743715858087e-07
2.404901806585258e-07
2.2788231035519857e-07
2.1567643671005499e-07
2.1000664673920255e-07
1.8008086044574156e-07
1.6374474398617167e-07
1.5473074199690018e-07
1.3809926713292953e-07
1.2968325791007373e-07
1.1424390322645195e-07
1.0699432095861994e-07
9.27796008909354e-08
8.716438060218934e-08
7.41135863790987e-08
7.04940248397179e-08
5.843844519404229e-08
5.70353222428821e-08
4.57087026006775e-08
4.031039679830428e-08
3.5736547943088226e-08
3.087575350946281e-08
2.805109033943154e-08
2.3301481633097865e-08
2.0313564164098352e-08
1.7342244973406196e-08
1.4688566807308234e-08
1.263128979189787e-08
1.0420308171887882e-08
9.262066669180058e-09
7.352127795456909e-09
6.976961230975576e-09
5.221636456553824e-09
4.3723957787733525e-09
3.800096237682737e-09
3.064997144974768e-09
2.6079760573338717e-09
2.157548806280829e-09
1.7807906260713935e-09
1.5390924090752378e-09
1.2200871424283832e-09
1.141415850725025e-09
8.48558556754142e-10
7.037215254968032e-10
6.102709448896348e-10
4.854427970713004e-10
4.1040948417503387e-10
3.3992364478763193e-10
2.7853275241795927e-10
2.446540747769177e-10
1.9281287677586079e-10
1.6211743059102446e-10
