226.35516755712842
225.5477486480754
223.6366319423082
166.3380230886255
128.1354611929255
4.5268430382834595
4.467666896928904
4.4382962178153775
4.416402801370168
4.4031974117240225
4.371923352005297
4.354642754665747
4.327300370862076
4.279786139925363
4.074258385513531
4.063410288144269
4.006735658245134
3.637317467830144
3.5952841588302817
2.191545678258535
2.006569709586074
1.4889743420117156
1.1794117811136857
1.0930578249128757
1.0912168616325744
1.0781725168649245
0.6883805876559563
0.3350373993082485
0.11234691330901114
0.025910722600428926
0.020197965568968357
2.0377228793222457e-09
