8.084405161366353
5.84828648994333
0.43295549420761104
0.3117548176157612
0.23653368352422904
0.20261540526368454
0.13920723518474093
0.1350150325494568
0.5079497870000393
0.21598521796628206
0.4315361813218649
0.400636050765897
0.41249452973036826
0.1291342877887572
0.09067050644231069
0.064636255235363
0.03848310024483188
0.022076528297308617
0.023328728126961674
0.02194353468915031
0.024795879361909343
0.022184494972365923
0.025353072829276586
0.0221413604743792
0.03161602710976362
0.021805342741206477
0.0254463417332805
0.022723281589713706
0.023495904065553495
0.023537205333701176
0.02356808042834281
0.024224372588699795
0.0372278512764525
0.021626170564585708
0.04287182675633976
0.021688399672205382
0.028828970581617746
0.027115063450787236
0.023922999942078735
0.029702157100908625
0.023849737391763288
0.06336164556881616
0.030882297629380617
0.033386088064252806
0.057315831053764615
0.022025104102830134
0.06816954570129799
0.02274219950502045
0.035054019023328296
0.040777059337082484
0.022856913875452224
0.04831281954034255
0.022832994984620412
0.05708847985964617
0.02346810013620959
0.06995091648109539
0.025491464798472963
0.03495523844410817
0.05487681307186611
0.018734850283836993
0.06361308087936694
0.019501498158480998
0.027374792764191715
0.04118622087254289
0.014206737862417192
0.049437276729191015
0.01609382447524322
0.024857545301126723
0.009862474659553073
0.029725054654934104
0.010771028986557336
0.01583671971574675
0.0220265412274972
0.00988462639258821
0.011739945908882585
0.017345713628897724
0.008301165679285356
0.010494256099928845
0.013123547274369925
0.008174257049031079
0.008778551726753991
0.011187266198511365
0.007668729176418872
0.008441448921279905
0.00935392114870397
0.0077054389128726475
0.010189648420775797
0.007830134058984042
0.008117937438475562
0.007617871467816158
0.008361607961046272
0.007668306667768907
0.008585261722847067
0.007714647463851711
0.008855376229746918
0.007758841737908445
0.00788760179018249
0.008201606028182736
0.008853820826869157
0.007782221880622117
0.009236221528192272
0.007813675168813856
0.009563846393365914
0.007845846046179926
0.009944174269239858
0.00787935582451241
0.010387982720882611
0.007915523957380172
0.010905945229335282
0.007955768665139926
0.011510216268778848
0.008001682644753089
0.012215215429929649
0.008055184564921757
0.013039087502219724
0.008118819067098939
0.014006450840140924
0.008196384284818678
0.015153562151923965
0.008294281884134964
0.016538001449890948
0.008424451245346683
0.018256655135367957
0.008610709307583203
0.020478200425141795
0.008902044169215457
0.023498456753976875
0.009398464907276256
0.012640198514376845
0.016409858437954682
0.025145600122203862
0.009666949335868508
0.031126549686704277
0.010927246796142058
0.016536976181593728
0.023195837101696058
0.00993410498060448
0.028308052695585586
0.010700964807189949
0.03303376333801991
0.012188754997753034
0.01616907502045769
0.02699806565210469
0.009408798246869797
0.03905927428748427
0.013544589285253551
0.02512113582072205
0.008809226081943218
0.016542216695436963
0.02414079964330354
0.011412204856299318
0.015223012130478145
0.028840991449528897
0.010589428559181002
0.021221259172864868
0.008056688479456824
0.016134085551615034
0.0064834529390437575
0.012682860094069744
0.005557428913725354
0.022457401066984184
0.00944139063346728
0.006814496481554079
0.008063945668151714
0.006184036466008022
0.006922264443373977
0.005797318875978147
0.012304636968614334
0.007639333955488439
0.005211305179579006
0.0070780709107509466
0.005205847241977355
0.006693802279794068
0.005214449260467506
0.006399177859453786
0.005229000900885905
0.0061706804812757575
0.005245176185799697
0.005991426666559358
0.005260771825019517
0.005849132778274955
0.00527477011554633
0.005734737961977981
0.005286796493612471
0.005641454796322685
0.005296807856644334
0.005564081768601764
0.005304912826889199
0.005498465325107347
0.005914531925254282
0.005457492630905673
0.005805693075272376
0.005430497332470646
0.005707543252821313
0.005407849238383429
0.00561894798655721
0.005388126121918755
0.006539428115763488
0.00559759937445447
0.006278396291817085
0.005544027897333714
0.006093316504273754
0.005495869947142632
0.00592188043326474
0.005451898887902468
0.0057577935319920275
0.006539594769816737
0.005650278702973901
0.006279902653610557
0.005574138196528432
0.0060246974894850236
0.005497810685933763
0.007834978300366259
0.0059618967176189
0.007246992454648823
0.00581066352525414
0.0067924486801212575
0.005657168168218356
0.010455715903938748
0.006763930594323895
0.009570922745972571
0.006493087308507565
0.008875418107008554
0.006225316657251662
0.00818504805270947
0.005957162977676112
0.0074760269744145276
0.01164309465867304
0.006956041741352525
0.010693359862914845
0.006554973486906623
0.009718330491791091
0.006158411567253375
0.008711085778419104
0.0057509882218284795
0.015669339219583897
0.008186858711499956
0.013942804082113892
0.0076361832695798154
0.012757985738167135
0.007091323247942723
0.01158390027167839
0.006546055496811258
0.010383094292026895
0.005984403277520486
0.021068504163482684
0.010516848323544825
0.006014060621490762
0.00991937312840415
0.00549337584572893
0.021285495993794312
0.01074725486482171
0.006184955362059701
0.010568714017208007
0.0058427700658902305
0.010037637702821496
0.005580815782079455
0.009688315219763407
0.0054103844148692985
0.00955281156991249
0.005344394343257417
0.009645020024053833
0.005389371615202772
0.009961989291388576
0.005546298051316077
0.002943269512633083
0.005777473349466104
0.0030052829916638623
0.006118838952767321
0.00317353247050301
0.006601777110285021
0.0034344484436780896
0.0021909216544517404
0.003735158813330078
0.002281969008521665
0.004063010508537895
0.002427189881637128
0.0013603593899064118
0.0026221343363656323
0.0014508020414391977
0.00287501860796875
0.0015812101851082163
0.0011431740997235656
0.001737821996831751
0.0011940283456988432
0.0019176855538422675
0.0012663563962175023
0.0008734250486082912
0.001360266713700336
0.0009132352974901249
0.001477993195399947
0.0009663493707200059
0.0008205898713590849
0.0010312005475798455
0.0008407315979257505
0.001107856164943628
0.0008677988440743905
0.0007511746719985781
0.0009018876356714989
0.0007634418725085825
0.0007340534249446934
0.0007781278588147038
0.0007379470605409432
0.0007948585210126344
0.0007430510348589119
0.00081570731931689
0.0007495879358439344
0.0007233992396993451
0.0007566790284876991
0.0007256455805582371
0.0007631927526950008
0.0007281907157412019
0.0007709097939961201
0.0007310843140581714
0.0007801667367023347
0.0007344326380579552
0.0007913768907852725
0.0007383804734523644
0.0007232990699871049
0.0007415198294685434
0.000723256102725397
0.0008570135491989569
0.0007570809913274739
0.0007297443895733467
0.0007625246460814271
0.0007298515199523719
0.0007613469051779725
0.0008857352361043303
0.0007649061399427276
0.0009150907537387356
0.000773493363851828
0.0007352197765720127
0.0007777013963845973
0.0009480974505800363
0.0007809007034345755
0.0009842198493120618
0.0007912796684352479
0.0010257243056127781
0.0008040900112335454
0.0010749109808799136
0.0008199889534095946
0.0007498325419339267
0.001295707887504746
0.0009147292105591981
0.0007613618136551038
0.0009387914099773259
0.0007595678735788271
0.0009450465438578223
0.0013724755425172182
0.0009633369594104766
0.0014456689780263747
0.0009931718960438578
0.0007664892489437926
0.0019314562482619434
0.0011369320166303605
0.000879201219357414
0.0011869082097577483
0.0008753197786738161
0.0011584984334922432
0.0008631554635230488
0.0023681854611843785
0.0013953697513867677
0.0008335069643886152
0.0014518252651205034
0.0008163668076273185
0.0032774082608234565
0.001687605803970787
0.0012128483109113408
0.001799452017935668
0.001208485861369822
0.0017420366420279599
0.0011948244379176738
0.0016494137293293265
0.0011712249724082511
0.0015161169601441617
0.0011389240693056638
0.003551800091278365
0.0021106065949115824
0.0007805057661597401
0.002222141096944902
0.0008299014022042418
0.0024339914752584037
0.0009197829839890972
0.0026741277762594856
0.0010454410431436452
0.0010078153953972369
0.0011078921221756917
0.0009791367655689008
0.0010420650291396208
0.0009499801141488454
0.0010143002768131602
0.0009229863802290579
0.0010231886945835111
0.000899564500371466
0.0010607016507992943
0.0008815263021933495
0.0011177105723281777
0.0008701623488744033
0.00019731277399877861
0.0008840626983410463
0.0002351528674932465
0.0009306244047399755
0.00028308726335716806
0.0003608090995973048
0.00032090565797919177
0.0003449605719510148
0.0003409294974363136
0.0003318715458081693
0.00036732764086946056
0.00032244987783558476
5.933139053516731e-05
0.0003213568623291748
7.140883646057246e-05
0.0003296638746691679
8.763595790048477e-05
0.0001329335766332342
0.00010224043499438396
0.00012601817375225714
0.00011326401904848698
0.00012062060219847545
0.00012525029057524877
0.00011684689421145948
2.783110726612483e-05
0.00011547537829926367
3.084098881876677e-05
0.00011657555195255529
3.524364959320883e-05
5.083901220641809e-05
3.974987628980661e-05
4.849783233931792e-05
4.37621856591388e-05
4.6770011453479185e-05
4.790743471879548e-05
4.560527960955305e-05
2.2810039048064048e-05
4.506569657050241e-05
2.329054489359886e-05
4.5113384707434115e-05
2.4019212487762037e-05
2.706389347593278e-05
2.483607574169143e-05
2.6525581481252598e-05
2.5628025252744112e-05
2.6135246835656796e-05
2.6466314832478627e-05
2.586677984138849e-05
2.2227022627148645e-05
2.568528135044459e-05
2.2282594778908045e-05
2.554851751927145e-05
2.2360793600941462e-05
2.5458911577139764e-05
2.2452387861412155e-05
2.260150169953565e-05
2.5419767979618394e-05
2.350141956638771e-05
2.2308537910161872e-05
2.343763645037441e-05
2.233497521487632e-05
2.3311552719702727e-05
2.235439084481028e-05
2.3169586788001718e-05
2.2361876993907665e-05
2.3000318352730323e-05
2.5283472965407407e-05
2.2896450457555455e-05
2.538890019055683e-05
2.283881752389059e-05
2.543107570928874e-05
2.2779238131670836e-05
2.541859185732833e-05
2.2713699809146705e-05
2.5337273608645372e-05
2.2637736662465075e-05
2.5165287962836367e-05
2.2545660650430824e-05
2.486708401073651e-05
2.242972549171291e-05
3.297041942871157e-05
2.4271433205249293e-05
3.235286259766774e-05
2.4203089492036007e-05
3.225328191738117e-05
2.410187616627174e-05
3.2023764134823154e-05
2.396479978991045e-05
3.161924275829406e-05
2.3778782628255793e-05
3.097557178196316e-05
2.3525329768687945e-05
2.998700139229091e-05
2.3176942299033435e-05
4.9254067270304784e-05
2.908820296937895e-05
4.739769861668336e-05
2.894059715345592e-05
4.6927072192498446e-05
2.869024311518063e-05
4.617005785637565e-05
2.832731608550142e-05
4.502203422971903e-05
2.7815524300914476e-05
4.333425077653341e-05
2.7102365582534035e-05
4.0857664393043306e-05
2.6108570059351064e-05
7.939652532257295e-05
4.148622411633695e-05
2.744095714436397e-05
9.016768851098989e-05
4.866215626793493e-05
3.112663307423709e-05
4.748140242851147e-05
8.790517577068518e-05
4.5645242772188224e-05
9.086941678589597e-05
4.65349750326485e-05
9.428897510944515e-05
4.764125958405645e-05
9.820543903122938e-05
4.90207080491442e-05
0.00010271555590880995
5.07485530225589e-05
3.405951157338671e-05
0.00012206869370481814
6.448411666678442e-05
2.8984396959350796e-05
6.474991193048403e-05
2.7011105995727226e-05
0.00015260727860076076
7.305208380291302e-05
5.123019536027187e-05
7.666111414186792e-05
5.014050280019764e-05
7.354603835774915e-05
4.9194564450215006e-05
7.130663010106537e-05
4.8507597098890854e-05
7.026063545505391e-05
4.81431216214733e-05
7.060157087330061e-05
4.816574724993644e-05
7.239636826687841e-05
4.864163471606353e-05
1.5030668791075146e-05
5.077987196277643e-05
1.687640970073247e-05
5.555996785870023e-05
1.9897145334284652e-05
2.1288178157745907e-05
2.203905737246291e-05
2.1001185273536043e-05
2.254794166116511e-05
2.0796815024918576e-05
2.428342959938302e-05
2.082053472196144e-05
2.688193302223965e-05
2.1154280925758107e-05
4.9758953776621466e-06
2.21783300431546e-05
6.506983440689242e-06
9.034693321564477e-06
7.942463553314531e-06
8.89769790062003e-06
9.123888604272059e-06
8.866267960305979e-06
1.0584722905579396e-05
8.994774105594898e-06
1.8439288216001695e-06
9.381605077442364e-06
2.5439750341942356e-06
3.858910341299204e-06
3.2454531044299114e-06
3.7906988019786277e-06
3.898779759714098e-06
3.7924520773380854e-06
5.977924901909194e-07
