12.209570747610625
12.198021245231267
12.152278649839998
10.444994341143245
9.133226871142554
0.5141063281289489
0.4751306461039165
0.4608945844765362
0.45473324787972946
0.4520875092824397
0.41347190638997633
0.39374446180571526
0.3676508581083351
0.32679387441342034
0.14729555343935508
0.1432843047701567
0.13502296765624755
0.14982132890904032
0.1379521231754776
0.8617585132904848
0.7812656777486773
0.5075998585413529
0.2227913937264403
0.12083641824037776
0.1153376294259269
0.09342717665812479
0.14151072712820081
0.17715574759825153
0.01741202907572827
0.006257309214921675
0.008299847948762476
4.7613765632797687e-07
