73.88963686677671
73.88190798693755
73.82336144116488
71.40678269677969
69.7345854109863
63.5855472305206
63.574210887669395
63.57156556475346
63.57067022326097
63.57037956035695
63.55615969313068
63.54339077292579
63.52514880446542
63.48279545172743
62.92622635302632
62.86216263838416
62.49421077703559
59.75683483385449
59.48020652203837
35.98494742589659
35.959428873660286
35.833944226474514
35.66566348493258
35.3716826571084
35.36915299165882
35.35901537325961
29.445015506204935
21.875069861178
16.158843917749408
9.764944274534393
8.782688069670838
0.00011740723152754537
