73.88963686677671
56.78153992854523
66.21803832354175
64.88128160785217
64.89011105195422
64.29343404086293
63.32779277242457
63.20134498340873
58.76098489387196
60.3376779495285
58.12374820872961
56.74797597931614
37.97019751838987
18.521723549559074
18.523676844008737
18.505815322215327
18.451372786213174
18.469500568979548
18.462294357076367
18.46382111227927
18.455606811614597
18.458764261237647
18.447450130921823
18.45079386094925
18.42073028306293
18.43044885706369
18.415433134774926
18.417992254692116
18.404551150902748
18.39355023754181
18.376971170047533
18.356751939662374
18.314813428463207
18.320704398601908
18.24955451045283
18.258640743578557
18.215369983486482
18.201366430493465
18.167659782857786
18.101414341219403
18.058871209598667
17.83937958997897
17.765910653415578
17.694470669585957
17.563539592014415
17.540248162736074
17.29378926841823
17.271614210086266
17.129157843307365
17.02099659271059
16.929966920031205
16.638987782465716
16.53500109894218
16.153134808472576
16.037154707883168
15.597269366240473
15.48265841005038
15.260297568476751
15.03762894421009
14.931448098277476
14.51151946793498
14.4165504224198
14.231179197859921
14.050374433534218
13.974903707530675
13.656897821676178
13.605030402408241
13.475236006239003
13.425746557571118
13.211296953856738
13.17858519198877
13.093151541826455
13.031600564720538
12.993094319091272
12.938520928137775
12.880229366819522
12.8628631711939
12.816809474004947
12.784512107392004
12.763572692030891
12.734821606857167
12.70330944799901
12.694359272889486
12.66956647885769
12.652333087493997
12.640847677209695
12.609723808628079
12.60024493716181
12.589415147428513
12.582493911694195
12.562531692357787
12.556450380445064
12.540261477563375
12.534760860384276
12.521573526183515
12.516449430577422
12.51100087230961
12.503014258030847
12.499084013241859
12.494152315212212
12.48409209269104
12.479168364062586
12.469389783291348
12.464230684357739
12.454192863489904
12.44863299796646
12.437710319732862
12.431570991829098
12.419057943245173
12.412135593154481
12.397194626236645
12.389247937817766
12.370842998634137
12.361576622262215
12.338387389224447
12.327431404478268
12.297743426418757
12.284628631960663
12.246199739195683
12.230332056337915
12.180252833075922
12.160898532202092
12.095510159207057
12.071821700730277
11.986850719174267
11.957990492477283
11.849201457381735
11.814627983037761
11.746836290642372
11.664786878131665
11.581297335663232
11.530744710319723
11.33479157025088
11.282076843847944
11.164740437863422
11.039050312108115
10.971702949612016
10.682759124960295
10.603627358787733
10.248325985233008
10.152188140207738
9.94995512097726
9.72509494049172
9.621532184232143
9.1335375671647
9.045828269222827
8.780139070485673
8.678843685155481
8.420650210094998
8.199376198172814
8.04940660389931
7.818924303858357
7.54214275364323
7.460433358555245
7.203995468186724
7.124707867685669
6.893449134082026
6.817117458165843
6.605485800735029
6.532618786237751
6.146172395703045
6.115523397714639
6.025445716948141
5.906515565076477
5.829688013649046
5.725182509361955
5.659027530615178
5.47986967823879
5.414079535623898
5.389205121175186
5.309474818226817
5.289476748608967
5.222208531806602
5.206173648032824
5.149462763060036
5.136668686288784
5.0887895911096575
5.078593563003745
5.038040192732509
5.029886961388302
4.995372628436606
4.98878792922845
4.959223738107072
4.953799208396521
4.928260161144283
4.923631608134426
4.901312480351278
4.897127168924685
4.8772778884307435
4.868996662596049
4.8552086393928136
4.847771236292479
4.835659290079757
4.828988575504059
4.818268858011021
4.811874787534451
4.802269221117007
4.788751690349964
4.774981950937032
4.773621402813222
4.76127356651062
4.759668749870613
4.748546432917007
4.7463202890960385
4.736223012556594
4.732823128177434
4.7141215924348145
4.718669553739676
4.700773250530965
4.704069069755174
4.686943114541556
4.688474088462619
4.654134631475631
4.66191819072913
4.635612215383489
4.640629611551518
4.614843543040776
4.6172636897965464
4.564543507293578
4.577433948701108
4.536478381125982
4.545653246794931
4.5054572248889775
4.511757682889907
4.471477965911801
4.47425720520307
4.4325330240008345
4.4284348440919175
4.386658584753754
4.374963594515007
4.334489748911256
4.316742095245903
4.276704053320875
4.250737405144662
4.2096393846860245
4.132157688941323
4.066872328797649
4.032834840622539
3.966648528470219
3.9253111553280307
3.859287997161608
3.808619308154835
3.741494375348424
3.6785602982262464
3.6082838704268547
3.448314067173659
3.3444604095316106
3.312638202184614
3.17295884291448
3.1354517492135714
2.825862429651517
2.819776675272883
2.7211920057907166
2.6127567882725033
2.515754989313784
2.4024390828051616
2.3055037363087503
2.1918841322159213
2.0967870656362377
1.988166615347316
1.8969380091006602
1.7985414360323637
1.7128435479387647
1.6285314591366815
1.549261335327334
1.5146466707100463
1.4069196306817158
1.379351334397712
1.2825439006819672
1.2621850281332025
1.1784195460307154
1.1653884044506124
1.129063392074752
1.0872970721973654
1.056304145850222
1.0250065936273998
0.9986048371042371
0.9873941476111647
0.9538728270325689
0.9464357942141792
0.9193783015025943
0.9149830552259157
0.9038082167530401
0.89113606182895
0.8819831814354825
0.8730897340718871
0.8654613506482165
0.8624340257513561
0.8529836717895094
0.8510853619179425
0.8434908316390259
0.842458109262829
0.8392850970563771
0.8358749109567838
0.8332063229232295
0.8308027759124653
0.8284940447704383
0.8276756382300132
0.8248118849553162
0.8242980609116111
0.8230771279458441
0.8216047271952487
0.820544443221107
0.8193992105021215
0.818458970924742
0.8175876504334888
0.8167370375909463
0.8164142713362832
0.8152999433226991
0.8150544934706411
0.8140436763773774
0.8138570316633702
0.8129313003067334
0.8127965286873411
0.8119386734724064
0.8118505506416259
0.8110455073143357
0.8110002566885295
0.8106151798874107
0.8102130376419129
0.8098242138041659
0.8089372196068667
0.8083822901808223
0.8082489675175002
0.8075269994607827
0.8073850004275892
0.8066009985469709
0.8062093355753093
0.8055554941338231
0.8051177589843157
0.8044371116388414
0.8042169706537471
0.8032528505846603
0.8026690801544676
0.8018536537926859
0.8011407202734047
0.8002734694207877
0.799501212208629
0.7985726471147139
0.7977382862009326
0.7967429735571374
0.796289694594781
0.7931436812869098
0.7928991303936544
0.7917831156266719
0.7902550873708444
0.7890116111286333
0.7869950682568105
0.7839817152535472
0.7829761438738007
0.7794920594101323
0.7783767689930701
0.7764871729201782
0.7699220999324707
0.7675746496419205
0.7655740125538807
0.7607467250754852
0.7584128337293125
0.7525952882750738
0.7495057831436417
0.73494463395084
0.7308478434658341
0.7263367645109279
0.716589453217614
0.7114523106588466
0.6859902100327809
0.6812257835856892
0.6727591823984278
0.6587504658435324
0.6494103729421532
0.6336089549884455
0.6226992037397591
0.6048406171185625
0.5920058151274963
0.5716156968676509
0.5563806702885938
0.5094836510613755
0.4870501689881866
0.477722480321618
0.4446601949801608
0.4366379999265815
0.40115699811278926
0.3948133723729996
0.3582352479828706
0.3542183409973575
0.33575419469099804
0.3151353597476194
0.2961556437970794
0.2767307556897223
0.25765852524437394
0.24052225478312528
0.22185327924203913
0.2077163426387723
0.18976914961400906
0.17892582463884893
0.16183350480340797
0.15424190790833422
0.1380124485322368
0.13564083949500347
0.11790293098325093
0.11710996712778973
0.10081094000514584
0.10154238639519086
0.0940236789741383
0.08862586730868675
0.08178469656979581
0.07805588943694826
0.07195537190775718
0.06966777627740413
0.06426467866298834
0.06368238334263988
0.058366312151305194
0.05828742233426675
0.05389079210824959
0.054203152902270055
0.05232981611206866
0.051157807589524956
0.049617483129908865
0.04892251394594376
0.047667925446004664
0.04731260360740367
0.04628619839190719
0.04622066800381076
0.045314469157298254
0.0453305423452299
0.04463140149012042
0.04470049719950251
0.04441359499360822
0.044253906549466045
0.04402603791149815
0.04393675274012767
0.04375374829992101
0.04371139977606183
0.043561724042067096
0.043555538900217586
0.04342525412810297
0.04342942544821018
0.043326906879561186
0.0433377523495493
0.04329476898257683
0.04327013117508205
0.0432347430016538
0.043219149404805327
0.04318946241800104
0.04318020327462195
0.04315478689320756
0.043152329634632176
0.04312762198083886
0.04312656270144119
0.043105348924328414
0.0431051697222964
0.04308665534795703
0.04308708500195026
0.043078672369491325
0.04306379748041429
0.04305276876267159
0.04305145107063808
0.04303964090864042
0.043038366226950016
0.043026781988828776
0.043025162382195545
0.04301346024141066
0.043011249941964015
0.04299890177309667
0.04299250902702991
0.042982522173607374
0.04297482961634623
0.042964929719319346
0.042956460582302895
0.04294646042135244
0.04293691289719086
0.0429266239953742
0.042915580790431035
0.042904746749739334
0.042891572221584386
0.04287978324765126
0.042863371888123614
0.04284982891658035
0.04280613566466481
0.04278629324936888
0.042760295452306744
0.0427380747409414
0.04270902674604967
0.042685265537511605
0.042652237585452765
0.042626443285841045
0.042588253463811676
0.0425596622980053
0.0425144155750924
0.04248171833883504
0.042426018014757975
0.042386583157670764
0.042240941775221
0.04218382877670094
0.0420935798748143
0.04202750190924677
0.04192776458699819
0.04185577981546763
0.0417437444555946
0.04166433179405742
0.04153647922652233
0.04144724991906199
0.04129795110008284
0.04119482280623581
0.041014070080669304
0.04088898190840387
0.04042675753241423
0.04024458137926449
0.0401040279948081
0.03938741384497833
0.039264498496447614
0.03900748148708788
0.038587199096231685
0.03798080887567894
0.03777515040935908
0.03706207865148534
0.03684619276869907
0.03606872754710912
0.03584177530566388
0.0349984193717509
0.034763231576278315
0.03385420089979824
0.0336148601511604
0.03312140471942748
0.0315933435388471
0.03088419519230281
0.030490160656193
0.029310795276357757
0.028876120928962593
0.026007443551189464
0.02587442950120509
0.02489151860390034
0.023828514850250775
0.02281880898388656
0.02175003891431134
0.020704364000757036
0.019664057788446637
0.018594907658629093
0.017617949856745307
0.016539263367411322
0.015660867354791618
0.014584956720236844
0.013835085792935612
0.01276993832964256
0.012457454427761942
0.0110971671882549
0.010872542434598948
0.00950606224105007
0.009389438963778383
0.008716266362714177
0.008031103612940196
0.007364278599200249
0.006786938121233012
0.006143063988926222
0.005701125996745413
0.005083518028389657
0.0047815156281705235
0.004184956564663434
0.004094443326523849
0.003428850461728426
0.003405425052630445
0.0030924431045002503
0.0028229107126693763
0.002526707842175369
0.002335312971828339
0.0020551212956298323
0.001936452709444856
0.0016669301570220064
0.0016375433197787599
0.00134843658041407
0.0013494009050515152
0.0012158490339380648
0.0011138138359602168
0.0009892242835825426
0.0009226887994605383
0.0008050938641909354
0.0007864439426521913
