11.394480466842651
23.41520667076111
29.661052703857422
35.89736866950989
44.20590782165527
50.58156156539917
56.825913190841675
62.96916747093201
73.4734582901001
84.00399971008301
98.88798308372498
105.12745428085327
111.36054873466492
117.52171802520752
123.70152807235718
129.86688232421875
144.64485597610474
159.3851363658905
174.50517630577087
187.133282661438
199.80236911773682
214.50143384933472
224.95693731307983
239.788560628891
248.06651878356934
262.781289100647
275.7297604084015
288.3127176761627
303.17593598365784
313.4864413738251
328.26417112350464
338.8749043941498
351.50124740600586
366.3079242706299
376.77349948883057
391.4954514503479
404.05472016334534
416.874009847641
431.59191823005676
442.0757420063019
456.80719017982483
465.14995408058167
480.0580704212189
492.7344024181366
505.4807012081146
520.3399317264557
531.019193649292
545.9295947551727
558.4328272342682
570.9280116558075
585.5431215763092
595.9332065582275
610.5818157196045
620.9539771080017
635.5629410743713
645.9722776412964
660.93528175354
673.3748486042023
685.828209400177
700.4283928871155
710.7001099586487
725.1586854457855
737.5342407226562
749.9996650218964
764.5735075473785
774.9388539791107
789.4399473667145
801.8926827907562
816.3594417572021
826.7608559131622
841.3468599319458
853.7414288520813
866.0953547954559
880.5800681114197
893.2139494419098
905.7895863056183
920.449215888977
933.0494077205658
945.418735742569
959.8940844535828
972.2331314086914
984.5708389282227
999.0454986095428
1012.0846707820892
1024.520879983902
1039.0820996761322
1049.4312767982483
1064.133091211319
1076.657828092575
1091.2962872982025
1101.731549501419
1116.406653881073
1126.83345413208
1141.7603332996368
1152.1660645008087
1166.793407201767
1179.370731830597
1191.7634253501892
1204.1531114578247
1218.610583305359
1229.3364939689636
1244.8513588905334
1257.7856850624084
1272.5438191890717
1283.0095040798187
1297.7454636096954
1308.1282086372375
1322.9387822151184
1333.3417096138
1348.025738477707
1358.41583776474
1373.2358648777008
1383.70476937294
1398.5826568603516
1409.0848424434662
1423.9301953315735
1434.4991812705994
1449.3869078159332
1459.928015947342
1474.7805428504944
1485.2986359596252
1500.542279958725
1511.0738198757172
1525.849195241928
1536.3611257076263
1551.1882507801056
1561.8819024562836
1576.496335029602
1589.0987050533295
1601.7292692661285
1614.6886205673218
1629.5411245822906
1639.9996545314789
1654.7709505558014
1667.4558777809143
1679.9624152183533
1694.5860760211945
1704.9372861385345
1719.5557146072388
1730.2158925533295
1745.0102643966675
1757.5181548595428
1770.1393439769745
1784.9301607608795
1795.4167487621307
1810.210815191269
1823.603996038437
1838.4561839103699
1851.4927773475647
1864.0934603214264
1878.862084388733
1891.4931814670563
1904.2315273284912
1919.059740781784
1931.6602244377136
1946.4346091747284
1959.0628733634949
1974.2194681167603
1986.7198085784912
2001.3029265403748
2011.6839880943298
2026.42777633667
2041.3025443553925
2053.9560306072235
2068.647974014282
2081.172422647476
2096.29341673851
2106.8553416728973
2121.7301704883575
2136.629145860672
2149.1109607219696
2163.791962146759
2176.430400133133
2191.162967443466
2203.7703940868378
2218.9685254096985
2231.5751011371613
2246.3365530967712
2258.9788756370544
2273.9903926849365
2286.6164860725403
2301.2656314373016
2313.8457038402557
2328.6301906108856
2341.5472400188446
2356.4373593330383
2369.1546943187714
2384.0473713874817
2396.762000799179
2409.5412454605103
2424.166571855545
2436.739784002304
2451.859532594681
2464.4453268051147
2479.0391144752502
2491.5172696113586
2506.1893112659454
2516.4695041179657
2530.9865815639496
2543.427893638611
2557.977910041809
2570.5945715904236
2585.2720382213593
2597.7111370563507
2612.36022233963
2624.8346133232117
2637.331444501877
2652.0834205150604
2664.5773980617523
2679.242393016815
2692.010397672653
2706.5245835781097
2716.8085658550262
2731.279727935791
2743.6555206775665
2758.1841826438904
2770.5785875320435
2785.0474812984467
2795.337169408798
2810.0477068424225
2822.4685649871826
2836.9681091308594
2849.3504662513733
2863.8265721797943
2876.253483772278
2890.7246074676514
2903.075117111206
2915.4303102493286
2930.158470392227
2942.828432559967
2957.282231092453
2969.6896483898163
2984.3168592453003
2996.7274084091187
3011.1768753528595
3022.1362063884735
3036.758419275284
3049.421402692795
3064.1553959846497
3076.73339676857
3091.1710472106934
3103.53826880455
3118.0625851154327
3130.414614915848
3144.8552510738373
3155.1033384799957
3169.870024204254
3184.426195859909
3196.936927318573
3211.5362701416016
3221.875099182129
3236.5031678676605
3251.176172018051
3263.664933681488
3278.24716258049
3290.871691942215
3305.518574476242
3318.0045776367188
3332.566908121109
3344.979197740555
3359.5698850154877
3372.0192108154297
3386.459733724594
3398.793972492218
3413.663019657135
3428.12890291214
3440.472025871277
3454.948593378067
3467.3259921073914
3481.7777643203735
3494.114003419876
3508.607867717743
3523.094150543213
3535.9116535186768
3550.478432893753
3562.867478609085
3577.316664457321
3591.779090166092
3604.2697982788086
3618.850663423538
3631.3340265750885
3645.9737372398376
3660.898414850235
3673.3810408115387
3687.983772277832
3700.6236639022827
3715.0798602104187
3729.6541957855225
3742.0879440307617
3756.6971938610077
3769.596228122711
3784.160115003586
3798.762837409973
3811.3042969703674
3825.926153421402
3838.37078166008
3852.9109406471252
3867.397344827652
3879.7402622699738
3894.446168422699
3908.943470478058
3921.3701083660126
3936.0128021240234
3948.375692129135
3962.920266389847
3975.2674248218536
3989.822138786316
4004.380460500717
4016.9282422065735
4031.494247198105
4043.9810547828674
4058.580080270767
4071.1612129211426
4085.8311035633087
4098.198841810226
4112.662483692169
4125.01135802269
4140.118697166443
4154.7902500629425
4167.31788444519
4181.971894264221
4192.369767189026
4207.010230779648
4221.415929317474
4233.925935983658
4248.493870258331
4261.117747783661
4273.584865093231
4288.203857183456
4300.68754029274
4315.338152170181
4329.962358236313
4342.476482629776
4354.984800815582
4369.953066825867
4382.3708283901215
4396.921913385391
4409.366734027863
4423.835546016693
4436.211359262466
4450.914443731308
4465.4876408576965
4475.8395936489105
4490.4876046180725
4505.002530097961
4517.36932682991
4531.792060136795
4544.199117898941
4556.544914960861
4570.95933175087
4583.301414966583
4597.727625846863
4612.499051570892
4622.865960121155
4637.472352743149
4652.087969779968
4664.661192417145
4679.26927781105
4691.749007225037
4706.339188814163
4716.678245544434
4731.72439789772
4746.441909790039
4758.96253824234
4773.475486278534
4783.8572862148285
4798.430549144745
4813.932253360748
4826.413341522217
4841.050462007523
4853.849670886993
4868.3675055503845
4880.815851926804
4895.327097654343
4907.775394201279
4922.357383728027
4932.666049003601
4947.301728248596
4962.024987220764
4974.820507287979
4989.529021263123
5002.151905059814
5016.76366186142
5029.24889087677
5043.8443965911865
5058.253495693207
5070.711723804474
5085.257427453995
5098.201632738113
5112.7683346271515
5125.035111427307
5139.419125556946
5151.705441951752
5166.070164203644
5178.3927526474
5192.799981832504
5205.089138031006
5220.047080755234
5234.637746095657
5247.149381160736
5261.811273813248
5274.276131153107
5288.759953737259
5303.177981853485
5315.466262817383
5330.087145805359
5342.547888278961
5356.999919891357
5369.514543533325
5384.137357473373
5398.717540979385
5411.0268659591675
5425.49634718895
5437.891332387924
5452.546622514725
5466.923322200775
5479.231296539307
5493.666353940964
5505.992361307144
5520.482456207275
5532.806863069534
5547.219011545181
5561.641131639481
5574.291441202164
5588.70555973053
5601.023385763168
5615.452721834183
5629.951678514481
5642.421297311783
5656.7999539375305
5669.070303916931
5683.488393306732
5696.221544504166
5710.698999881744
5725.152458906174
5737.498546600342
5751.95028758049
5764.355516672134
5778.819111585617
5793.356249332428
5805.803938627243
5820.697368144989
5833.181031703949
5847.786012411118
5860.251637458801
5874.882173776627
5889.559824228287
5901.9848256111145
5916.4302134513855
5928.842319726944
5943.435039997101
5955.854598045349
5970.428333520889
5985.03142118454
5995.468908071518
6010.0851328372955
6024.574645996094
6036.930564403534
6051.745640277863
6064.257929563522
6078.814934015274
6091.4140202999115
6106.146005630493
6118.689271688461
6131.26470208168
6145.839886665344
6158.378129720688
6173.226969718933
6185.686445236206
6200.366915941238
6212.892752408981
6227.628343343735
6240.134296417236
6254.648739814758
6266.984734535217
6281.467376708984
6294.095280885696
6308.6028616428375
6318.879573583603
6333.440644741058
6345.9067006111145
6360.504526138306
6372.92263174057
6387.4468648433685
6399.897975444794
6414.666098833084
6427.166771888733
6441.730847358704
6454.124395608902
6468.676917076111
6481.136996269226
6495.609344244003
6505.841233253479
6520.470703125
6533.2888197898865
6547.881197452545
6560.381028175354
6575.08526301384
6587.588548183441
6603.113467931747
6615.464113950729
6629.929470300674
6642.434655666351
6657.30313873291
6669.871677160263
6684.529217004776
6694.975849866867
6709.655643224716
6724.13064455986
6734.422946691513
6749.0029854774475
6763.561596155167
6776.287847995758
6788.637547254562
6803.171117305756
6815.518531560898
6830.184637308121
6842.842709064484
6857.415094137192
6869.914064407349
6884.568257808685
6897.110046863556
6911.649944782257
6926.101051568985
6936.465469837189
6951.047958135605
6965.627771854401
6978.095687389374
6992.721948623657
7002.931966543198
7017.962984085083
7032.577090978622
7045.047575473785
7059.670573949814
7072.098689079285
7086.7075119018555
7099.146208286285
7113.5476241111755
7125.89569735527
7140.800636768341
7153.30671620369
7167.957408666611
7180.361510276794
7194.937012910843
7209.423996686935
7221.934989929199
7236.652835607529
7249.51038146019
7264.106758356094
7278.62642788887
7291.02206325531
7305.587644338608
7317.9915635585785
7332.469270706177
7344.839560270309
7359.323199272156
7372.3778166770935
7386.984375715256
7401.659552574158
7414.20005941391
7428.9183094501495
7443.56894493103
7456.049955844879
7470.618470191956
7483.044575214386
7497.989376544952
7510.431258916855
7524.926728963852
7539.569899082184
7552.041449546814
7566.682940721512
7581.293288469315
7593.825668334961
7608.520225048065
7621.154540777206
7635.809510469437
7650.3641521930695
