11.721019983291626
39.8011314868927
47.813804626464844
56.63194155693054
76.6759192943573
87.97271513938904
100.72291803359985
114.97337555885315
130.74821424484253
148.63972926139832
168.7213273048401
190.4558379650116
215.28373885154724
242.54312086105347
272.4719994068146
305.26706075668335
340.6211099624634
379.3408031463623
421.9794600009918
467.557110786438
517.1967494487762
569.8915686607361
626.6448900699615
687.3454034328461
751.6594409942627
819.8471255302429
892.8386306762695
970.70037150383
1055.3572697639465
1144.747742176056
1239.176022052765
1350.5205800533295
