226.70968104471103
10.961728527280457
5.309977896057717
4.007491215047594
3.9225546118345846
3.860235027441149
3.8105795072092405
3.7835028802276156
3.5706334895385226
3.2226355922057337
2.2895010852566884
1.248776999154643
0.9561806960693957
0.6817609191516567
0.6072508096183356
0.5719379753327303
0.5710691894182673
0.5699199346802288
0.5677322402484606
0.5626029723330248
0.5535671842299053
0.5313169389189625
0.5031094342639335
0.45696041638530005
0.43109025644321264
0.3418348540144507
0.2823473135299537
0.22373724224325997
0.09943107677850094
0.09943107677850094
0.09145850067852734
0.08478900466707273
0.08476228760650883
0.0847240102170872
0.08468213320475115
0.08463808031729059
0.08459144656308126
0.08454204025656509
0.08448953207289378
0.08443362802586307
0.08437388024572101
0.08430985254290135
0.08424089961158643
0.08416633574597654
0.0840851606715205
0.08399620532281915
0.08389774797251448
0.08378754015484446
0.08366210252643214
0.08351617452581195
0.08343030992091371
0.08322872776830081
0.08301212362698607
0.08278732540293277
0.08255284150641273
0.08230888664047598
0.08205440620918125
0.08178960329973961
0.08151331491330893
0.08122579934001806
0.08092577196407547
0.08061356453322333
0.08028776312789887
0.07994879713214686
0.07959511790954821
0.07922728524954437
0.07884361401920614
0.07844483863027563
0.07802914105718628
0.07759748951275469
0.07714794405342218
0.07668178491235267
0.07619697046084184
0.07569519457751994
0.0751743445887314
0.07463665700515776
0.07407998850499098
0.07350727734205975
0.072916395757602
0.0723111735258044
0.07168954201711131
0.07105644117791599
0.07040988894027578
0.06975618086289614
0.06909341609366493
0.0684295212752204
0.06776262375046826
0.06710260544900848
0.06644751489216105
0.06580960958990545
0.06518670537366233
0.06459404094698584
0.0640290170051685
0.06351078694615353
0.06303614175044459
0.06262962094615432
0.06228719147384254
0.06204109475856967
0.06188617912812333
0.05618390187601108
0.05114249159259998
0.048506291548392255
0.04559037525586973
0.042790619463403345
0.04013081764696835
0.03770007591151625
0.035539802543326005
0.03372849513607434
0.03228708751953491
0.03129879168000116
0.030783420852685595
0.025057682871420184
0.023088683879905147
0.0172477596772751
0.01708056834695526
0.016551889384345486
0.016176248370356916
0.015943540151511115
0.01586211573339824
0.015750643536421194
0.015729025969221766
0.01572165950483395
0.01571804591981163
0.015690505093061802
0.015671921336434025
0.015669659674586
0.015646870275077163
0.015634958010195987
0.015581760030045189
0.015545749153261568
0.015544009916084178
0.015440020061532778
0.015365696070830381
0.015331525197552764
0.01529554856233517
0.015274709251116292
0.015091677249301938
0.014874012721747931
0.014835322307817478
0.0142949558141936
0.013914535819139928
0.013830202416102111
0.013766440069275632
0.01287635378048435
0.012321612452524278
0.0114692779698089
0.010512150545537224
0.00949600744752388
0.008791945880147978
0.007191184772409542
0.007055597910493816
0.006042807231324332
0.0058397234568019485
0.005183318090303146
0.005045604666293002
0.004564617746609656
0.004402452160320536
0.004298481420164535
0.004130342461394321
0.004073918520134612
0.0037006171637585794
0.0036798943062876788
0.0036267150205731014
0.0036045630049557076
0.003560031054803403
0.0035457939741263544
0.003538151834618475
0.003522350753428327
0.003515584303841024
0.0035004393846520543
0.003495767418144169
0.0034938970720759244
0.003486746970565946
0.0034849460259920306
0.003477821908518308
0.0034755016356484703
0.0034740064061224984
0.003470839258397973
0.0034680586506965483
0.0034647305158159725
0.0034614588746535446
0.0034611807152487017
0.0034550893578852993
0.003453574651530289
0.0034467825969386467
0.00344397792628115
0.0034368436483873666
0.003431437143945004
0.0034238434354847413
0.00341407935047755
0.00339136781644811
0.0033827002655471006
0.003359893619972354
0.0033421273178646516
0.003317507142583054
0.0032830892089350527
0.0032097450314267917
0.0031797460162579227
0.003106296406713227
0.003050756004085997
0.002972129696217962
0.0029076899045321625
0.002665275895878949
0.0025858145288566448
0.002522413814176616
0.002510716846700234
0.002306375978378128
0.002288347931653334
0.002045624468337337
0.001957810700787377
0.0018948016627291508
0.001766517658097655
0.001649361838644836
0.0015019418401607254
0.0014222365709883888
0.0012513927292729932
0.0011791049494149775
0.0011427050169459108
0.0010382128823493986
0.0010125597048045165
0.0008860654320415051
0.0008543098053905851
0.0008119490819353814
0.0007779254406159453
0.0007308391689093696
0.0007129319610612583
0.00070775880135443
0.0006797842529522313
0.0006695936135656666
0.0006681308332190383
0.0006497155654869857
0.0006442784333557938
0.0006374476768087334
0.0006333671940410568
0.0006253513668070809
0.0006233812498521729
0.0006205182428402622
0.0006194445541041205
0.0006158884880278492
0.0006152225535061007
0.0006139765841908229
0.0006137881985068816
0.0006121455367065209
0.0006118896849329758
0.0006113154020113143
0.0006112417443091545
0.0006104626943397307
0.0006103035723299399
0.0006100154059822671
0.0006098375579313142
0.0006094580046465126
0.0006092780697599665
0.0006091573959565721
0.0006088824477501475
0.0006086565933856036
0.0006082796878672525
0.0006080392192870931
0.0006075362946376117
0.0006072718676932709
0.0006065945531190664
0.0006063008706860273
0.0006053830322798603
0.0006050703034361504
0.0006038202918716706
0.0006035334952230187
0.0006018205347118055
0.0006016780398567789
0.0005993068962197867
0.0005983028788705269
0.0005974680304916546
0.0005957681194104225
0.000593561441064594
0.0005932513072366419
0.0005887505790269643
0.0005879681100395828
0.0005813651548578491
0.000581068794190287
0.0005721670104321674
0.0005685712899321516
0.0005655877255321684
0.0005595579400505812
0.0005521476414287463
0.0005434866811810934
0.0005314972181622579
0.0005190047254473029
0.0005150000351932249
0.00046151279025252734
0.0004518758510130283
0.00042892524857052194
0.00041413920894228795
0.0003817623660324898
0.0003629706548053946
0.0003495667929200863
0.0003215382553207746
0.0002903251861425815
0.0002568895911281288
0.00022733577520739345
0.000142768058594811
0.00012746914308081614
0.00012125428497711255
9.405392916050914e-05
8.197752322303131e-05
7.731345908723597e-05
5.9006049241361325e-05
5.559524561249418e-05
3.540224861353636e-05
3.05187568301335e-05
2.5098680907831294e-05
1.8615924318510224e-05
1.3867697362002218e-05
1.124474124480912e-05
7.36205993234762e-06
6.092897820053622e-06
4.955121994498768e-06
3.505373342704843e-06
2.5501055915810866e-06
2.2351737243297976e-06
1.334121179752401e-06
1.1391548468964174e-06
8.899330623535207e-07
7.181238288467284e-07
4.787202669831458e-07
4.0575264392828103e-07
3.3382502806489356e-07
2.60890374192968e-07
1.9627486835815944e-07
1.702412646409357e-07
1.4902252587489784e-07
1.2125087778258603e-07
1.0333155842090491e-07
9.978316484193783e-08
8.106553650577553e-08
7.787548383930698e-08
7.276798896782566e-08
7.057747097860556e-08
6.5368794821552e-08
6.41828137304401e-08
6.268192009883933e-08
6.16751094639767e-08
6.02135514782276e-08
5.978085937385913e-08
5.933270585956052e-08
5.891138243896421e-08
5.849574336025398e-08
5.833521754539106e-08
5.819788384542335e-08
5.8021669246954843e-08
5.790116119896993e-08
5.786750989500433e-08
5.7739043768378906e-08
5.7709485190571286e-08
5.767242328147404e-08
5.763718036178034e-08
5.760011845268309e-08
5.7588522395235486e-08
5.754782250733115e-08
5.753372533945367e-08
5.752417564508505e-08
5.75023477722425e-08
5.748415787820704e-08
5.7460283642285503e-08
5.7435045164311305e-08
5.742981556977611e-08
5.7385022955713794e-08
5.736865205108188e-08
5.731567398470361e-08
5.728770702262409e-08
5.722836249333341e-08
5.717856765841134e-08
5.711058292945381e-08
5.703350325347856e-08
5.681090442521963e-08
5.6782255342113785e-08
5.652600520988926e-08
5.647325451718643e-08
5.617334863927681e-08
5.60728494747309e-08
5.57236035092501e-08
5.553965820581652e-08
5.5130385590018705e-08
5.479660103446804e-08
5.4314341468852945e-08
5.406127456808463e-08
5.234755917626899e-08
5.181436790735461e-08
5.1457391236908734e-08
5.0418520913808607e-08
4.929461283609271e-08
4.884032023255713e-08
4.6957893573562615e-08
4.582261681207456e-08
4.355547389423009e-08
4.223420546622947e-08
3.937088877137285e-08
3.825311978289392e-08
3.453646968409885e-08
3.269406079198234e-08
3.1319132176577114e-08
2.8682507036137395e-08
2.675028554222081e-08
1.8590981198940426e-08
1.682838046690449e-08
1.5686737242504023e-08
1.3204726201365702e-08
1.2112195690860972e-08
9.097448128159158e-09
8.080405677901581e-09
6.848040356999263e-09
5.676383807440288e-09
4.279172571841627e-09
3.648892743512988e-09
3.4820004657376558e-09
2.4597284209448844e-09
2.0627339836210012e-09
1.7030288290698081e-09
1.4488250599242747e-09
4.904450179310516e-10
3.8107828004285693e-10
