7.967379764734815
2.1897531262075063
0.9746873870987868
0.3362591544945983
0.2441530280852431
0.20317014089683835
0.10644147534668623
0.10403248205865338
0.25082853684451556
0.4165412334089565
0.6404591496389058
0.5970551068533351
0.40053920637107204
0.21516040240704667
0.14292047835313662
0.04351483946236331
0.04022113535698681
0.044375913581889095
0.042378604209694304
0.05237204056939167
0.049637068844395206
0.08676239772371667
0.08885040097441517
0.11994990291578035
0.1520404233878838
0.07332931172698767
0.2144047914675671
0.1513423468986022
0.09758044696093496
0.09758044696093496
0.06604762635693151
0.01706141085552973
0.016655294734085963
0.01838015205925947
0.016630883387257763
0.01842712939001583
0.016636597088201557
0.018456214792986182
0.01663797606928025
0.018471722639805493
0.016632464860431788
0.018467874669371716
0.016616910381190942
0.018436072422902832
0.01658690225280644
0.01836306694164541
0.016536206607380092
0.01822693915918643
0.016456072480019335
0.017987154080569747
0.0196968337888497
0.023144841264221616
0.019711716898920054
0.02345219216699411
0.01994035742189524
0.023752288230740753
0.020188923215984277
0.024070327705972602
0.02045825915852671
0.024409039216190507
0.020751376983443946
0.02477169360912273
0.021072139478728793
0.025162525997558187
0.021425528151154668
0.02558705692691995
0.021818016101298115
0.026052515225740876
0.02225806139158553
0.02656839239294109
0.022756752747727278
0.02714716035507725
0.023328641736611973
0.027805184522434082
0.02399279247807325
0.028563857753128016
0.024774067403485207
0.029450964433072335
0.02570464135736108
0.03050225470586827
0.026825694988181395
0.031763168866466164
0.028189188813530434
0.03329061275252721
0.029859583488360437
0.035154672044622776
0.031915387607338
0.037440201645193884
0.03445052188326204
0.040248361203434786
0.03757569618853126
0.04369837535054779
0.04142024723349253
0.047930008029777746
0.0461350675436591
0.05310735919167356
0.051897275874939475
0.05942456776582393
0.05891714228146118
0.013298088507001041
0.03111031586325602
0.031509041917537076
0.029683103693773354
0.033636102620853925
0.03263799002725317
0.03728010043384319
0.03778842176151415
0.043473889332564644
0.04587021195344181
0.05305950072310178
0.05780388205130391
0.008398712949062153
0.06225756654876135
0.0074045996151253755
0.017829676815271554
0.005502390844897417
0.012810301465060485
0.005446458175436431
0.009941750438401394
0.00550209193405161
0.006134646041842957
0.00638494327609115
0.006758616351685257
0.005514619312234992
0.006335456585517433
0.0065797383887766766
0.005561414211054871
0.008017139956915635
0.005611199961348432
0.008894666469913524
0.009584034924390637
0.005640745641912622
0.008372491343368694
0.008812774281084389
0.010062055085948995
0.011335853095802217
0.005629585722277749
0.016727419535681878
0.01856869148458914
0.00561469685381884
0.01647190820299439
0.018497723953737645
0.023504335363109547
0.005473451465281649
0.022859780868697173
0.005057054809129162
0.02492675646767569
0.004713045815126779
0.03320205632230087
0.005768382054831027
0.026038065349573668
0.004542837488401794
0.020942510272243725
0.003916779337006767
0.0181614842468666
0.003683422001358199
0.0074845418176418535
0.007506894851350072
0.003985804318091557
0.015117596476606699
0.004899562679259144
0.0051442611611120905
0.003284082064178221
0.005238351543301886
0.0032214616089196735
0.0030940510593418426
0.004164458188776051
0.0028197256131122883
0.004287417176161798
0.0028849628259228137
0.003208748749449704
0.0033142882923386076
0.002948460220361002
0.0034331415799410637
0.00296088471839455
0.0029701308400143225
0.0031682312381693424
0.0029120736674151126
0.003189289792064163
0.002928291170405011
0.003181319041813086
0.0034228979606815584
0.0029735469327140354
0.003507039277829764
0.0029755909154506955
0.0035146172931118033
0.002974063865784213
0.003481838412141898
0.002966949250029054
0.004698294643510263
0.0030379814136080536
0.004544490529253974
0.003018753460463074
0.004433928712080228
0.0029814069276478416
0.007126709989093375
0.0031843375433758324
0.0067796308764635225
0.0031229398918986213
0.006577432410080312
0.003014423431406046
0.012427870911073065
0.0038604586438293702
0.005290289509811529
0.007129225864533728
0.010756206997012822
0.0036696059930753293
0.012028793856900678
0.003765551568148554
0.005319124277533346
0.007548374751358256
0.002845939228498472
0.008534550012773942
0.0028825462106145754
0.009769918019778926
0.0031420171905121247
0.00473208318312985
0.007085827398468049
0.002486761473825273
0.008625826254581569
0.0028070043889041347
0.0041173031223368396
0.0016284568568688202
0.005042285686331843
0.001809119138845478
0.0025211062039051852
0.0040106394565591315
0.0014657359747830348
0.00219818633344759
0.0032736929919684526
0.001358774836861494
0.0018117057045465772
0.0010235462015352962
0.002287414512208037
0.0011141605389415681
0.0013748704691301215
0.0009460864958624088
0.0016841830870441901
0.0009994227220329148
0.0011446775028053934
0.0009172139273529268
0.0013303082348317976
0.0009465095737472227
0.001023468993826536
0.0009072504932839406
0.0011232340943131628
0.0009221557165721983
0.0009599243908015712
0.0009042938078703284
0.0010039511752929255
0.0009108602884500649
0.0009263908485782148
0.0009650465710457251
0.0009081060876376627
0.0009991848903624814
0.0009123849550107557
0.0010338538408240284
0.0009172077750456643
0.001078842409069465
0.0009228672091442824
0.0011378910603809557
0.0009298888783033841
0.0012160193076101295
0.0009391178214738419
0.0013205734394563825
0.0009519745813012743
0.0014627518820637805
0.0009709311064967628
0.0010456885975418959
0.0012275881270207073
0.000932763026835464
0.0013467410065405284
0.0017359559915023962
0.0010234547755182612
0.0020822473310624957
0.0010623507637986436
0.0023854360121276594
0.001118040631073716
0.0013167844892493167
0.0018196866524952848
0.0009705918971636335
0.002135403704092779
0.0009824708415731656
0.0024675279280413475
0.0009947240708991303
0.0061476880614660615
0.0019610314691955524
0.003479132369307236
0.0011135923120580203
0.004403931320479671
0.001303154870124258
0.0024650729197925195
0.0031052285828832857
0.0013884334484585714
0.0033960989461635847
0.0013497805935945677
0.006752904302293887
0.002071948706355766
0.0020546081198389264
0.004229487808483767
0.0008148565464656098
0.002289671264047113
0.0025892275455491765
0.0012565594571931444
0.003071311973016235
0.0012244261311127067
0.0010573836287768176
0.0006937637351587416
0.0011823545097160825
0.0006445078417372474
0.0012192722082435316
0.0006030997039984204
0.00040362575805682734
0.0003587527609838756
0.000512713678696715
0.0003257231825415344
0.0006106601851891929
0.00030700303407854795
0.00022108574505679275
0.00017863719954575955
0.0002941180199281853
0.00016483759146839697
0.00010228118303014095
9.869001361838637e-05
0.000141204380522935
8.937154065055744e-05
4.7433284904825715e-05
5.513207870033498e-05
6.843019259789294e-05
4.914345072231869e-05
8.923583829109326e-05
4.652400489265468e-05
3.4078389228449846e-05
2.7660502574404442e-05
4.565630657400961e-05
2.5929600445826075e-05
1.8107641584562368e-05
1.6487069200193986e-05
2.3979999642652376e-05
1.5446083666081934e-05
1.1128358332998508e-05
1.1110110835760317e-05
1.3766133620290366e-05
1.0565864283147276e-05
8.628348126651432e-06
8.85788157522274e-06
9.557583124991815e-06
8.612286071084137e-06
1.0671726342408365e-05
8.506986913733765e-06
8.188847052402644e-06
7.95321454114225e-06
8.5113925042231e-06
7.89688333069477e-06
8.857488525745885e-06
7.868038549537872e-06
7.885445828104685e-06
8.348627975909443e-06
7.716009101704206e-06
8.375605846077393e-06
7.72753896664506e-06
8.293569006473129e-06
9.103586542598976e-06
7.76092086063372e-06
9.432364577511054e-06
7.746582870399072e-06
9.58963289765489e-06
7.729787088915045e-06
9.64250790474854e-06
7.704434056372358e-06
1.420652293563238e-05
7.96327692376227e-06
1.4664628475912551e-05
7.984946082320504e-06
1.541739304865248e-05
8.000750536533284e-06
1.6152598820661e-05
8.004082776124244e-06
1.6804972465721258e-05
7.977480049088093e-06
1.725382630261723e-05
7.886231459261202e-06
3.445825814563944e-05
1.0574984066238628e-05
1.7000033126758887e-05
2.0793969835181502e-05
1.0007824563131246e-05
2.072466789623027e-05
3.246195535650922e-05
9.391400142097019e-06
3.61915486885234e-05
9.719064313191108e-06
4.1114622103498124e-05
1.041986020703685e-05
4.808996348953769e-05
1.183050447335692e-05
2.447713534048606e-05
2.856310155610686e-05
1.2751656759608795e-05
6.600044433385628e-05
1.915489096900669e-05
1.880577775501531e-05
3.7727486246512936e-05
6.878437807678722e-06
4.5428769941229804e-05
9.813654441607257e-06
2.5239670239274908e-05
3.7549314710305764e-06
3.054910729118482e-05
5.631549068961274e-06
1.7583459709394396e-05
1.9675071351963533e-05
9.654475391688227e-06
7.604529200995316e-06
5.657375671987901e-06
2.3355637555550172e-05
8.129095437366768e-06
7.741588931882162e-07
