95.52704151531118
83.66987683119156
84.62558832193866
83.70260854285539
83.6197908987221
83.4074400032167
83.29979399468783
83.05223987033222
80.22524365025428
74.9727214882869
59.162491093943345
40.41325064994039
29.60590597139387
36.26154318444644
31.42516821672702
32.44322774765106
32.68495072648391
32.28676967677065
32.62743553573244
31.821653734059424
32.37546962131335
30.167380978170893
31.29148376527991
27.205006057836734
29.025892570731113
24.549418171356244
22.958239263361207
17.581080776823327
12.176290635365758
12.176290635365758
12.160339274601325
12.128014247561655
12.127677932471354
12.120999367233729
12.123557383482735
12.116376537932563
12.118806454563737
12.111273291586766
12.11347688021092
12.105558222527005
12.107442866523343
12.099090119922451
12.100522969254603
12.091662395570618
12.092441756907741
12.082949411945165
12.082743975190466
12.07238185409903
12.07057601327918
12.058791238937232
12.049213095694016
12.027030622577206
12.027107599699905
12.00256012045736
12.002101824390193
11.976065741910823
11.974872294000813
11.947231175581566
11.94520642490977
11.915823293092712
11.912863661605519
11.881587966730523
11.87758213470409
11.844249228331892
11.839079492479149
11.803510506614126
11.797055285147001
11.75905775218568
11.751195699865255
11.710565262180378
11.701181573529244
11.657705190514896
11.646700742043217
11.60016180304079
11.587465761167884
11.537651385897382
11.523237693477462
11.469948154342303
11.453855794478232
11.396915336303135
11.379271378398027
11.318538719559902
11.299581932493936
11.23495756507397
11.21505914958067
11.146485648661393
11.12616302437693
11.05361458838456
11.033534930057783
10.956993861187037
10.937966599614148
10.857387302966783
10.840348538797125
10.755612807291135
10.741608008388857
10.652477257408096
10.642650076941663
10.548719722119039
10.544313698671068
10.492955616777502
10.082790203935676
9.898410194107445
9.702631980236067
9.468771127200965
9.27228937319243
9.039838134155358
8.855014787951948
8.637703561460821
8.477323646751604
8.282500832109184
8.152813355813825
8.064107386149036
7.077432134147214
7.049338266825693
6.934659435339765
6.9116985434365015
6.750160000121884
6.738177742243392
6.652180887054075
6.64635531002577
6.625146909071034
6.616502365724748
6.608998664913836
6.605479000583084
6.5799176166404285
6.574979415840503
6.572659043222377
6.536431592011444
6.535046369768351
6.5056143852184425
6.501219426551757
6.498278202937778
6.472589705238033
6.463989636002025
6.450948589973305
6.4396626400642365
6.432588063308631
6.324839380489214
6.300050588939563
6.2866637825646094
6.150648290359039
6.115138702550981
6.043684597908824
6.022287549898865
5.767570577928334
5.744608716531215
5.346366763880664
5.317907334643311
4.734469180939855
4.731895881228986
4.403971577511183
4.392914163640701
4.1060811532808685
4.096111739189007
3.8479132008749852
3.84334450208106
3.7376480711590414
3.6849332477649273
3.6276852693610264
3.3899901448684617
3.333954935182098
3.312352842853922
3.283908729644058
3.2340929101957667
3.2106852693480925
3.193995839614355
3.165843083857962
3.1636283141887733
3.1243146962099497
3.12515796966037
3.1093776356004685
3.1047322507416815
3.0954621706950394
3.0824229139464445
3.074127608855878
3.069815411676986
3.05993657437598
3.0598509705860875
3.04597571338908
3.0463845853402844
3.033672079589668
3.034629146501925
3.0280967471591027
3.023753859374308
3.017342056787785
3.013633831428176
3.0073750714972816
3.0034745716042774
2.997282216984793
2.9860539227602296
2.9754909121194726
2.9710723101633056
2.9603326397335836
2.9533464960643014
2.942037383557398
2.915856873011529
2.8955906371731897
2.8778555878119345
2.8559518552418774
2.8295423582854045
2.805127031707787
2.72059196926991
2.678570992218426
2.653170324782893
2.5922077102758077
2.579083797062782
2.5324891901500592
2.466177211623723
2.4174217226715933
2.381955915371685
2.31017277425442
2.300045825538669
2.1737399977003284
2.16494660489978
2.027201856300048
2.021882740145858
1.9537103592423934
1.9207530608826549
1.8801603174228885
1.8021333247936444
1.7644630933309633
1.7358756713832357
1.7102671055983263
1.6535071218402326
1.630668149784746
1.6105676711108592
1.5795912186802343
1.576466204994929
1.553767408466312
1.544397865402421
1.5318856765529787
1.5220152680209216
1.5136251181971092
1.4955834133653831
1.4882642355816278
1.4827636860306916
1.4778459071078864
1.4676959536524101
1.4632986354952882
1.46028676371267
1.4573389648231507
1.4515890156112827
1.4488603785416558
1.4471615292374396
1.445332652281879
1.441923241564428
1.440172418650255
1.4391179804220853
1.4379334848354877
1.4356770514679276
1.4345047602842382
1.4336667020659497
1.431996464875133
1.4318809092071014
1.4292458078882577
1.429258502429985
1.42659923820029
1.4267008160491543
1.4239406977226223
1.424125153373988
1.421165082875978
1.4214282049947875
1.418154905654519
1.4184956671571354
1.4147832323621197
1.4152079661432901
1.4109238379352331
1.4114536654603496
1.4089528042363386
1.408202180952969
1.4062456382099116
1.402593709672433
1.3976366931746174
1.3974334356024916
1.3881051358343137
1.3880384560487684
1.3766671997366693
1.3764381733245403
1.369605926237119
1.3652717073352854
1.360397520498419
1.3465321099966006
1.3402730422435618
1.3179787044962135
1.3092637351457423
1.237741102305056
1.2270401772695065
1.2015471154637531
1.188503079607872
1.133051425182407
1.1195158110102605
1.0844321756466657
1.0505980397454813
1.028072537620622
0.9477200110040624
0.9181982200037276
0.7197567193410319
0.6734658657612822
0.6313517262564088
0.5629930115402175
0.5542457575835292
0.4973363587873445
0.4695786665295557
0.4340558185795565
0.36783565928037454
0.3323970005964639
0.30808019244350593
0.2847065211504349
0.23288453931855807
0.2100621686608391
0.1718272021420075
0.15093214372000865
0.1389483967172461
0.12606925967958485
0.10125924721433936
0.0895328978209923
0.07426284360243594
0.06348391739045821
0.05957178147312613
0.05337111175797556
0.04435540015054305
0.03876388748538024
0.036407868214728675
0.03320394595420919
0.028238344147111457
0.02553908379336038
0.024265876256984505
0.022755953553569457
0.02033255968958708
0.019181706281911244
0.018038716304386644
0.01715479714261914
0.016950025241833075
0.016523396315063766
0.01606477121484232
0.015759579372048603
0.015674254069974462
0.015528360719624231
0.015357192737236557
0.015256892757745255
0.015223007220515374
0.015174409161694607
0.015111003522969707
0.015078092202828726
0.01506424585265569
0.015047732593743644
0.015022757731275965
0.015011515207802575
0.014999004064119865
0.014990866965125976
0.014987740007594707
0.014983547387474998
0.014976714567387943
0.014973549282506436
0.01496850646127632
0.014966014741593757
0.014963937228286619
0.014960729402120393
0.014959969593686454
0.014954642920170923
0.014953677470130742
0.014947750298321832
0.01494479009602497
0.014942730687693879
0.014935096103912396
0.0149331072662657
0.014923529407158544
0.014921184689496112
0.014908487402576
0.014905238056663921
0.01486811838506132
0.01486418055949909
0.014832215051630302
0.014826500591693815
0.014786861579482507
0.014779623281028978
0.014729345744802716
0.014719783531992136
0.01465430611369075
0.014640975891326246
0.014552090306463962
0.014531961274663151
0.014274570082138763
0.014254552762859788
0.01414854534501512
0.01406379650846776
0.013993271469026413
0.013761596568463843
0.013571850392858619
0.01350331586167069
0.013074933625108759
0.013001731372340064
0.012440421895691507
0.012355493829487998
0.011646435474924388
0.011560307056537813
0.011131806544335482
0.010820303464986934
0.010525828976089278
0.008856181065741231
0.008384875722649298
0.00796177086042228
0.007270140707091314
0.007149438068061969
0.005931809476828212
0.005901052947177577
0.005270404144438159
0.005153593626586888
0.004084086053849267
0.004055606579685143
0.0035227907809588267
0.0033521641323396175
0.003004813801920285
0.0027687091352248
0.0025361334866283035
0.0015512190415272599
0.001229872237157266
0.0012101978752348673
