11.978205680847168
29.28669261932373
45.050726652145386
58.40901517868042
64.90844011306763
73.83868598937988
80.4029221534729
86.98182988166809
93.52405905723572
100.09568166732788
106.59179472923279
113.13322591781616
121.99141597747803
128.55780148506165
137.40374732017517
143.96232843399048
155.0380458831787
161.55178880691528
170.307781457901
176.79489612579346
185.49330234527588
192.39572954177856
201.20889806747437
210.0530366897583
218.81505370140076
229.8712010383606
236.39658045768738
247.31762528419495
253.77281856536865
372.04085993766785
378.51512479782104
394.07213068008423
405.1502146720886
418.5346233844757
432.4624488353729
445.95194816589355
459.335165977478
472.75985383987427
486.13663029670715
499.43586254119873
512.934579372406
526.3765506744385
539.8851599693298
553.5042221546173
566.9431700706482
580.1502206325531
593.4148182868958
606.705709695816
620.0243849754333
633.1991612911224
644.3309149742126
657.6961932182312
671.1481935977936
684.43577003479
697.7385618686676
710.9768013954163
724.128919839859
737.4591543674469
750.6449725627899
763.8422977924347
776.965090751648
790.2786519527435
803.4370379447937
816.6274933815002
829.8118889331818
842.9949378967285
856.0842094421387
869.1523516178131
882.2343790531158
895.3237962722778
908.4363186359406
921.9370999336243
935.1590626239777
948.3644995689392
961.4928920269012
974.6144800186157
987.8352203369141
1001.0242741107941
1014.9161069393158
1028.2033107280731
1041.8345139026642
1055.1581602096558
1068.430345773697
1081.511400938034
1094.6496489048004
1107.8841726779938
1121.105901479721
1134.3182864189148
1147.634450674057
1161.1939766407013
1174.4203221797943
1187.6141004562378
1200.7324526309967
1213.8702449798584
1227.120764017105
1240.2812626361847
1253.5782406330109
1266.7881484031677
1280.1071183681488
1295.5181124210358
1302.012559890747
1315.1614809036255
1328.4192428588867
1341.6953990459442
1354.9653429985046
1368.1661233901978
1381.251062631607
1394.8852167129517
1408.0610868930817
1421.2913405895233
1434.473669052124
1449.8827867507935
1456.3185234069824
1471.6957132816315
1482.6184422969818
1498.0807540416718
1506.7967596054077
1523.0231564044952
1531.9375371932983
1547.7455606460571
1559.0529437065125
1572.657681465149
1586.2179582118988
1601.8638362884521
1610.7820522785187
1624.3290054798126
1640.3963129520416
1646.9412410259247
1662.5353729724884
1669.131102323532
1682.6902174949646
1698.4205088615417
1707.2431263923645
1720.7279686927795
1734.0904853343964
1747.5235841274261
1763.768928527832
1770.4145369529724
1784.0215592384338
1799.9430916309357
1808.9034314155579
1822.6275479793549
1836.4992697238922
1852.6745681762695
1861.7299325466156
1877.8929154872894
1886.912388086319
1902.7557635307312
1911.7459099292755
1927.6375110149384
1938.9007194042206
1955.0373923778534
1966.383138179779
1982.382176399231
1993.8372588157654
2009.8783221244812
2023.6905224323273
2037.3276014328003
2053.2372064590454
2062.2515635490417
2078.250996828079
2091.9234294891357
2107.8641860485077
2119.4786715507507
2135.337341070175
2148.718207836151
2162.2529151439667
2178.0024242401123
2189.125470638275
2204.82728266716
2218.2829444408417
2232.001618862152
2247.632521867752
2258.7121737003326
2274.287801027298
2287.7275371551514
2301.079278230667
2316.8326580524445
2328.004736661911
2343.751178741455
2355.2879905700684
2368.6831879615784
2384.3650958538055
2395.4584386348724
2411.029705762863
2422.181592941284
2437.9915900230408
2449.1143164634705
2465.0689644813538
2474.2913525104523
2489.9954957962036
2501.1083211898804
2516.75004696846
2527.891803264618
2545.9745905399323
2556.287449836731
2572.031843185425
2583.21524310112
2599.251897573471
2610.301109313965
2625.8060801029205
2634.700758457184
2650.3697164058685
2663.6457765102386
2677.050436973572
2690.536596775055
2706.370946407318
2717.7824454307556
2733.312075853348
2746.651442527771
2760.159960269928
2775.7895448207855
2786.960633993149
2803.2717187404633
2814.3441076278687
2830.427374124527
2844.0095558166504
2857.4851899147034
2873.471036195755
2884.5903885364532
2900.4291758537292
2913.854161977768
2929.5447647571564
2940.539499759674
2956.311380624771
2969.665186405182
2983.012844324112
2998.567086458206
3011.8402202129364
3025.1295359134674
3040.771461248398
3054.289549589157
3069.961411714554
3081.1615130901337
3096.8086235523224
3110.2442066669464
3126.052444934845
3137.2297399044037
3153.0253121852875
3166.3213658332825
3181.8935327529907
3193.1271584033966
3208.538779735565
3221.6559915542603
3237.044882774353
3247.9144473075867
3263.3549766540527
3276.5932064056396
3292.174081325531
3303.1376116275787
3319.1218791007996
3332.3094906806946
3345.450689792633
3361.0255658626556
3371.9782254695892
3387.5289628505707
3398.489362478256
3413.926459789276
3424.8870956897736
3440.54189658165
3451.480699777603
3466.989271879196
3477.8363847732544
3493.13791680336
3504.1103250980377
3519.547325372696
3530.5260689258575
3546.025342464447
3559.682192802429
3572.925281524658
3588.3817808628082
3599.3722178936005
3612.5818967819214
3628.0327985286713
3638.983227968216
3654.5274550914764
3665.5376687049866
3681.197733640671
3694.24675321579
3707.513863801956
3722.979781627655
3734.100932598114
3749.612997531891
3760.5753848552704
3775.8809328079224
3784.5149354934692
3800.0786435604095
3813.300116300583
3828.705163002014
3839.5844423770905
3854.937429666519
3868.1238379478455
3881.2518022060394
3896.652345895767
3907.549329519272
3923.3434643745422
3932.098281621933
3947.5220041275024
3960.8385014533997
3974.03156208992
3989.721697807312
4002.8821659088135
4016.014204978943
4031.5331695079803
4042.438973426819
4057.660391807556
4070.8046102523804
4086.199073791504
4097.051537513733
4112.608330488205
4123.5662615299225
4138.962444782257
4152.559016227722
4167.879026174545
4178.7935082912445
4194.199532747269
4205.160993814468
4220.694578170776
4233.872108697891
4249.313980817795
4260.394588947296
4275.895751714706
4289.057183504105
4304.513090133667
4315.484373807907
4330.959207773209
4344.33501791954
4359.754189252853
4370.757337808609
4386.168338537216
4397.572672367096
4412.987047195435
4426.084026813507
4441.461394309998
4452.396445035934
4467.870392084122
4481.089787721634
4496.598837614059
4507.502497434616
4523.412931442261
4536.606126308441
4552.197924613953
4563.2475254535675
4578.806273698807
4591.980457305908
4607.341161489487
4618.241599321365
4634.881263256073
4645.96031832695
4661.496215581894
4674.7094650268555
4690.187835693359
4701.148545026779
4716.679319143295
4727.612929582596
4745.319771289825
4761.183040380478
4774.591626882553
4790.231087207794
4801.339897632599
4817.024137496948
4828.09277510643
4841.575632810593
4857.145318984985
4868.210099697113
4884.300126791
4895.473450660706
4911.039007663727
4922.096119403839
4937.591701507568
4946.257179021835
4961.889237642288
4972.935950279236
4988.938501119614
5000.679102182388
5016.411735534668
5027.674544811249
5044.715930700302
5055.686239719391
5071.2785794734955
5082.265502691269
5097.83221578598
5106.562031030655
5122.458838939667
5135.778482198715
5149.106951951981
5164.826957464218
5175.942959308624
5189.347248077393
5205.135279417038
5216.249494314194
5232.3955290317535
5243.475094795227
5259.15304017067
5270.185698747635
5285.826885223389
5299.273159265518
5312.747430086136
5328.357079744339
5337.253539323807
5353.200203180313
5366.5293798446655
5379.911520242691
5395.495399951935
5406.746817350388
5422.522912502289
5436.061738491058
5451.78024148941
5462.877574205399
5478.853892326355
5492.280256032944
5506.328776359558
5521.947835683823
5538.13294506073
5555.907038450241
5565.2365026474
5582.007430076599
5598.072314023972
