136.2382536955265
25.35050974945557
8.561078923862624
7.733328629750531
5.175963648554898
4.784786144022064
4.421636425340921
4.3769685756565195
4.238219055136597
4.022968244923732
1.9923101274521287
1.382440144108159
1.3346097203454974
1.3265910964012164
1.3180238887684936
1.3143963494296713
1.2984738368743365
1.2915712072197039
1.2516723630244542
1.18119080684869
0.5768377644399152
0.39682755628587074
0.3868386209533128
0.3864715048682683
0.3858022586989591
0.38537915970368886
0.38480721962378084
0.3843240459959816
0.38393305346244233
0.3835330758515738
0.383287420912211
0.38184002127218264
0.37923853043957934
0.3774561802313201
0.37614778220745393
0.36452589177611117
0.34556825469258
0.32667875979859673
0.309074023692574
0.3001843688855388
0.2618668063430505
0.24105098770587574
0.23273915001936984
0.19647790861995418
0.19060250869119955
0.17071032673311493
0.15748864824627162
0.1571009965155099
0.1567556753880126
0.1559299001050931
0.1558059831409082
0.15575316905801628
0.15569245825872713
0.1556356632315783
0.15560045363736208
0.15533275949587733
0.1549611453590387
0.15459213088638535
0.15408994161407463
0.15348567261276003
0.15279436606692798
0.1520146975062744
0.1512857536536103
0.15068437578838711
0.1506384003612311
0.14663535943282113
0.14442686059896914
0.1437696867747036
0.13608580296613582
0.13506010898413479
0.1207807826615408
0.12057001464881978
0.10739279189169793
0.10249199192980996
0.09875178599008905
0.09825167537064772
0.08610812222832465
0.08279753846545646
0.07698489801737196
0.07280210008502763
0.07131182545913362
0.06543838538777891
0.06387356436675873
0.0603398746293351
0.05962641867108687
0.05718187595857671
0.05610030745651784
0.05539058910017047
0.05458299054066629
0.05408456801274042
0.05376234778964317
0.05336656942722584
0.05314891335251559
0.05304319477045283
0.05286078347694456
0.052751132587673055
0.05267989663911976
0.052630290760362186
0.05256780857030208
0.05252573668713012
0.05250583285283028
0.05246023905056063
0.05243041760832057
0.052413461617106805
0.05237705486479172
0.052349492982102674
0.052321560153359314
0.05228324514109772
0.05224706904255072
0.05219233454931782
0.05214592590891698
0.05206643468955008
0.05201147685716023
0.05189540678429694
0.05184747736234385
0.05167675933876126
0.05154595393673844
0.05139098168069722
0.0511861831269016
0.05092223165593168
0.05058984064271499
0.050138800458626065
0.04959195834021557
0.04881842529084679
0.04791439882615123
0.046644799037721896
0.04518818915335032
0.04349892554660073
0.04134033225727762
0.0409231907647154
0.037898548819384814
0.035036238521342966
0.03272058236484554
0.03049290413741801
0.02997613526895293
0.026767523154148876
0.024522384061128832
0.022350097654680212
0.020551072582293273
0.01873048122729415
0.017195626828652166
0.01562672016120814
0.014319649051230954
0.012992300936048196
0.011946265314691118
0.010908412562002923
0.010209634241846288
0.009564064299183883
0.00937785000724034
0.006649489306255418
0.0051556853225065424
0.0022915388685760263
0.0019265856728907238
0.001356358310658834
0.0013476519641244522
0.0013423786970179208
0.0013370450531056122
0.0013342144641228515
0.0013299770378125686
0.00132805301859662
0.001324753277003765
0.0013228135753706738
0.001320255214068311
0.0013187869794819562
0.0013126027313319355
0.0013118636516082915
0.0013072341309907642
0.001304396241039285
0.001303422313185365
0.001297784495363885
0.0012966450001385965
0.0012817852707485144
0.0012782363578480727
0.0012678938076078339
0.0012611226427452493
0.0012366787841529003
0.0012254822695467738
0.0012077272008355067
0.0011751852327961387
0.0011363507444457355
0.0010919221224412468
0.0010077804763568565
0.0009606962244106398
0.0008978015100638004
0.0008141453529333376
0.0006764008064692462
0.0006330181947760138
0.0005304873925524589
0.00047653859405727417
0.0004000788742359873
0.00034555319030005194
0.00028927823404956143
0.0002442094555590302
0.0002036358232544444
0.0001742576789638406
0.00014541899076903064
0.00013106412916386034
0.00011049983959310339
0.00010617593488859711
9.131500860348751e-05
8.744844967623067e-05
8.541501370018523e-05
8.122833264678775e-05
7.863733139856777e-05
7.5920592280454e-05
7.498800096072955e-05
7.324929151764081e-05
7.307562009373214e-05
7.192132875388779e-05
7.167181638578768e-05
7.154471586545696e-05
7.125350862224877e-05
7.109247849257372e-05
7.08967115770065e-05
7.08308857610973e-05
7.069491789479798e-05
7.066367174957122e-05
7.056820936668373e-05
7.054316392895998e-05
7.04756862432987e-05
7.044273274914303e-05
7.039415027065843e-05
7.035401722532697e-05
7.02456650287786e-05
7.020594284767867e-05
7.01293170095596e-05
7.003048744991247e-05
6.986178141232813e-05
6.97834950642573e-05
6.939940544725687e-05
6.925560705894895e-05
6.897742878209101e-05
6.857105927338125e-05
6.794964588152652e-05
6.753796719749516e-05
6.607880686715362e-05
6.549016029566701e-05
6.435830277951027e-05
6.310596177172556e-05
6.0413042547224904e-05
5.900010819459567e-05
5.675554257322801e-05
5.4418484069174156e-05
4.885839052803931e-05
4.762927710544318e-05
4.261660069460049e-05
4.0308712641490274e-05
3.605839151532564e-05
3.281841941316088e-05
2.912892091444519e-05
2.526321532059228e-05
2.2009417534718523e-05
1.8188315834777313e-05
1.533725276203768e-05
1.249542651748925e-05
1.0020987701864215e-05
8.615679917056696e-06
6.4611274410708575e-06
5.611235337710241e-06
5.099327609059401e-06
4.304406729715993e-06
4.029791398352245e-06
2.4241403480118606e-06
2.343070036658901e-06
2.1743001070717582e-06
2.0654038053180557e-06
1.959992687261547e-06
1.9114538645226276e-06
1.8508153516449966e-06
1.8324553821003065e-06
1.7957497675524792e-06
1.7910965652845334e-06
1.7679428765404737e-06
1.762524334480986e-06
1.7595132248970913e-06
1.7538343399792211e-06
1.7499917248642305e-06
1.7462186860939255e-06
1.7445975117880153e-06
1.7419758933101548e-06
1.741258301990456e-06
1.739433628245024e-06
1.7389986624039011e-06
1.7377271888108226e-06
1.737281081659603e-06
1.7363945516990498e-06
1.7357690467179054e-06
1.735602609187481e-06
1.7346085314784432e-06
1.7338816178380512e-06
1.7335823940811679e-06
1.7324132386420388e-06
1.7316522189503303e-06
1.7288243725488428e-06
1.7275433492613956e-06
1.7256045339308912e-06
1.7234613096661633e-06
1.7110512544604717e-06
1.7092565940401983e-06
1.7013171600410715e-06
1.6983240129775368e-06
1.6799533568701008e-06
1.6729586604924407e-06
1.6604274151177378e-06
1.6379456155846128e-06
1.6116027836687863e-06
1.5654154594813008e-06
1.5133646229514852e-06
1.4346665011544246e-06
1.3309220321389148e-06
1.2865764347225195e-06
1.0556302640907234e-06
1.0343160283809993e-06
8.71130623636418e-07
8.102135780063691e-07
6.930131348781288e-07
6.036896138539305e-07
5.185731879464583e-07
4.3168779484403785e-07
2.551003035478061e-07
2.2063909455027897e-07
2.0230436348356307e-07
1.5309001355490182e-07
1.2052828424202744e-07
8.835445441945922e-08
6.69392647978384e-08
4.7969706429285e-08
3.632999323599506e-08
2.495789885870181e-08
1.973307917069178e-08
1.2686314221355133e-08
1.0917347026406787e-08
6.3869265432003886e-09
5.135461833560839e-09
4.4194621295901015e-09
3.2457592169521376e-09
2.376054908381775e-09
1.6182184481294826e-09
1.3203589332988486e-09
8.096776582533494e-10
6.482423486886546e-10
5.554738891078159e-10
4.135927156312391e-10
3.012701199622825e-10
2.105480234604329e-10
1.709850039333105e-10
1.1232259566895664e-10
9.140421752817929e-11
8.003553375601768e-11
6.366462912410498e-11
