6.204602119575381
3.8807810328761496
1.5886354416298851
1.6414062470537467
0.7131250569582022
0.6359000781500758
0.2243333712518208
0.2241882511471422
0.13914620252621757
0.17377637671696924
0.46307071854128457
0.15822443551680979
0.09627988087446021
0.07693260253904306
0.04838687252393695
0.048292721167177144
0.07116611612397901
0.22719256186934098
0.12814023167786612
0.11880469027792856
0.16008176183022224
0.07374088904771448
0.030241376909278698
0.0365340150259836
0.029496994478124813
0.02752827415594339
0.028538434343451217
0.033629914980778254
0.028434893958741048
0.0388598763734055
0.03213728559446823
0.028847264498714095
0.029267585734667333
0.0727460664813693
0.06635351107019413
0.03450356697686547
0.06300876827350874
0.08695140098261546
0.08158823696848855
0.16820505541928665
0.05420329767203286
0.06155093722021459
0.18352691854082573
0.13341891576096776
0.15019824800675752
0.09823067150527129
0.03767426210583688
0.029933540168797682
0.029967282348671055
0.017629365063949094
0.018519988385346183
0.017506297324986257
0.019848038109925248
0.018440771343000505
0.022283496846372344
0.017073087977097553
0.022047883868481208
0.01923721087883955
0.023313450026649436
0.02172867432268601
0.027222082661993125
0.026855535952732844
0.035191916494046065
0.03808150947420813
0.051864163147851354
0.017123331669557765
0.059226523015397874
0.06466647147707431
0.020355284205479263
0.09628850636891206
0.025487027769372183
0.09105269958488635
0.02545763846505719
0.04100889965465204
0.054372369223946546
0.087124647086955
0.028544592059532456
0.053944756901253006
0.018548871146688926
0.035302695349024575
0.05291888355898799
0.026945373365793314
0.04072292508247221
0.022940584543713272
0.03617894644511432
0.021962071577365117
0.011115402908332635
0.023159528378047644
0.012697102410387294
0.011464386623596803
0.01517458513050164
0.012388306200058407
0.009062339467972969
0.014280467524503272
0.01026232799984169
0.009779702464758185
0.008705337762876481
0.010619186375150325
0.009154935494248957
0.009033906211398495
0.009900834252812452
0.009335156566470089
0.008877814432494106
0.009845125135994852
0.009121583479456212
0.008947152313214024
0.009475513659608926
0.009046613905633594
0.009885385099048056
0.00918936185486165
0.010496522412695341
0.009412075607897207
0.011467095506077954
0.009801366651895137
0.01310832858356311
0.010552604404193153
0.009628106470852866
0.011716734503502711
0.009961479386135662
0.013097564745058856
0.010457460851967198
0.01508159644326999
0.011169189581770949
0.018041122505835002
0.012287172550818974
0.022885379630366964
0.014533567793913653
0.03220198989821269
0.02063282325017681
0.05328956135084718
0.038406613457261964
0.034589997887428905
0.023435937086771372
0.022972527605169404
0.047358983311176654
0.04287501610148399
0.032823523264416524
0.03475025813509253
0.02686825597181971
0.03031626216556843
0.023704195245959174
0.02837607923678917
0.022783002150891293
0.028615778912694057
0.024209945424470514
0.031269547382784875
0.028588386234636887
0.03714470079980176
0.037066507642970536
0.006389523496150199
0.04144177278330335
0.003723360639184052
0.01932162310823502
0.0034161084811042738
0.002498833529552755
0.0031054228032687957
0.002508345349448317
0.003000348789700825
0.002515121803456224
0.002885829038064673
0.0025189872330371845
0.0027758186609061737
0.002520174707695076
0.0031849380141379968
0.002547502531318011
0.00296665900757881
0.002536622402657274
0.0027816762888299654
0.00301929385524711
0.002529900453705644
0.003936247949232879
0.0025516089417576718
0.0034158039175287707
0.002510601104937353
0.004562180605197157
0.002533704267670483
0.0037951195040008333
0.0024585298762718135
0.005092845140165
0.0024378247456136337
0.007352687396847277
0.002501803561373167
0.005856135093320763
0.00222964576410643
0.009272758620324834
0.0024021416815308417
0.007731579524566613
0.0020256606806560917
0.006513752926809081
0.001676374184584924
0.005491432166713748
0.001364602245137446
0.0046778665556462306
0.001104440183881379
0.0040499675590589855
0.0009069043478887583
0.0035454094106809955
0.0007686901698440716
0.0031116732653596775
0.0006745708478849886
0.0011740334717036556
0.001315162572803925
0.0005806996401564885
0.001137998424969308
0.000504923896887565
0.0009711332813613419
0.00045386789484212786
0.0008440618831771742
0.0004200427581357452
0.0004101411327360791
0.0005390864344795935
0.0003530336678349803
0.0004926235349421883
0.0003528566798229074
0.00045637533647651843
0.00035300967418633056
0.00042720890059114007
0.00035315997464154653
0.0004039530934866299
0.0003532118648480558
0.0003853856305620267
0.0003531493695122001
0.00043281825093509444
0.0003564230630159014
0.0003997544622480958
0.0003550914355463808
0.00045953708035064415
0.0003581861756023444
0.0005847034100193317
0.0003665810514024647
0.000497400719426178
0.0003594564242129142
0.0006611717642428966
0.0003669117499050992
0.0009789433757730834
0.00039399087906523113
0.0008058431934549814
0.00036844717542264884
0.0012841747056441593
0.0004117951653588392
0.0010852641054654316
0.0003675716002985155
0.0018701746351078479
0.0004721667647688672
0.0017264629563888908
0.00041422699471334925
0.001548619248863381
0.00035575425455427426
0.0014032335585672994
0.00029746738040404327
0.0013005984615714918
0.00024246566822163458
0.0012487355707252793
0.0001985308210332726
0.0012311593981270531
0.0001736336798558955
0.0012072152797528003
0.00016717518286981758
0.00051481221728257
0.00045792009284459405
0.0002389374528050992
0.0009501461051846848
0.00025696041703965295
0.0002271573039441445
0.000119265096041928
0.00019228871912549937
9.471565781925571e-05
0.00015319852322283757
7.730002387365691e-05
0.00012717575827187594
6.530864643366202e-05
0.00010838910714901742
5.727551741185301e-05
4.812274928413374e-05
7.42249961870105e-05
4.241811704726079e-05
6.601100506388809e-05
4.250244283142264e-05
5.994684719545988e-05
4.260133389397686e-05
5.502294584507507e-05
4.26722551253962e-05
5.1142346226736706e-05
4.270977807783297e-05
4.812875829206608e-05
4.271969925223954e-05
4.579377334917613e-05
4.7776872070175883e-05
4.292659444662629e-05
4.608170635680802e-05
4.829952743326364e-05
4.299458789431534e-05
5.764250851041304e-05
4.359817521767601e-05
5.056365693952881e-05
4.318424415125844e-05
9.46906502696448e-05
4.6691933134901316e-05
7.408785778124935e-05
4.501026215008882e-05
0.00010847069628522514
4.788218978070409e-05
8.322122335285487e-05
4.5078064065206256e-05
0.00011633245921640383
4.665261345610049e-05
0.00016022247275786176
4.9747712822197403e-05
0.0002321127073296672
5.794740026229582e-05
0.00037169823293633163
8.386440031224555e-05
0.0002996172348994229
6.882364921237811e-05
0.00024192514332755353
5.4970865073564266e-05
0.00019129727708810915
4.236198444928351e-05
0.00033021620258918917
7.165616636350505e-05
0.00010948149126229968
0.00014768878787279092
3.723439794453205e-05
0.00011984165667226974
2.895089250187927e-05
9.168360695506938e-05
2.280874435908487e-05
7.245381663623405e-05
1.819629607818659e-05
5.902435005209387e-05
1.4683221296016071e-05
4.9080165792226015e-05
1.1977197944649091e-05
1.4962361719867861e-05
2.3052982751856278e-05
4.721762488379647e-06
1.9640535057915578e-05
4.0860173321275624e-06
1.6868049964109037e-05
3.5489267234196693e-06
5.575077826590566e-06
7.4941524766030605e-06
1.9712560390107103e-06
6.4374524750950975e-06
1.6111400233511546e-06
5.511207945316816e-06
1.3323998734376007e-06
1.7465432085903838e-06
2.5974979048595e-06
5.91653803457298e-07
