86.62366734170459
79.26986188993159
90.13003650625157
83.85726228690659
87.84344665907629
86.26560163141359
87.1791612732227
86.80916407316717
86.28540769676246
84.93905429364648
68.57601381638806
63.90492923007966
63.22507799554296
63.02855598632202
63.14457708609681
63.15147899764952
62.97733675784194
61.96085550168307
61.93068411607579
60.57357322487866
43.80317646030993
34.35809206480457
33.93607793281564
33.73128664876906
34.04791901346775
33.94136605140965
34.23043733173333
34.03075348448073
34.271251089657454
33.993949725995805
34.33959935283492
34.11327831103737
34.23276219778488
33.43266561386718
34.25493232419169
33.46807064363835
33.01614265387488
31.084297438640764
31.283521926569275
27.82502322198837
29.06240299038897
27.267456149940468
26.078025949781427
22.66436710866225
21.966750285452015
21.950084944619448
21.91443378229595
21.9212703996216
21.904047388111362
21.91055606753584
21.90322907188735
21.903294290316655
21.893963575750156
21.895092234906343
21.881976755428845
21.883802343242476
21.8513546629309
21.8416718853374
21.804230166131426
21.779582839908112
21.725513482408683
21.688121361605674
21.61324823561023
21.56709071066418
21.471592453856665
21.449385966127686
21.08827341742086
21.000619865570197
20.89044370781729
20.109995298589517
20.01911354064176
19.328499198958443
19.209451115456652
18.793068350330643
18.409496211986394
17.87885385408583
17.716897677276066
17.20227256689792
17.033099124077687
16.53229342578036
16.15308576363655
15.851100709421068
15.498274919007294
15.253920934381453
14.97713044053858
14.776459876164639
14.678021305332539
14.407113750729623
14.349530737333351
14.234438618747108
14.098506551464242
14.002512633462189
13.961623023919236
13.834968305262072
13.81961842662512
13.76658296251188
13.743907998033043
13.67245359938834
13.663242563512519
13.632331531127308
13.604716859737337
13.575597484337159
13.568836948729524
13.53130956537724
13.530694018294254
13.512207690573797
13.498732985521313
13.478715500805876
13.46701194446791
13.444373598517506
13.43421507200228
13.407624517872318
13.398914443230147
13.366607946589106
13.36022771669824
13.319804942394017
13.319230688183621
13.264130379310783
13.262903112624564
13.183452566297
13.175905819443019
13.05643743377279
13.035676505651866
12.847552360552447
12.802634748416992
12.496543752797582
12.41766033092751
11.924761959695948
11.834545110800448
11.100903629314498
11.113314241834377
10.595781203142685
10.479152958643345
10.030410421749217
9.616723701265668
8.970573057514116
8.896149505985724
8.299251101263176
8.188058374657036
7.622335578349685
7.492827040765831
6.934182407957191
6.80661448823554
6.239378730537638
6.1407731149308455
5.553314877403824
5.519408001020594
4.895345286583566
4.970110144044186
4.618459599876021
2.692213531068758
2.371934312559927
1.3606152936757687
1.2632000947937971
1.2653216572371477
1.233097327234654
1.2353760185661449
1.211448266706541
1.2141586963361801
1.1962229072824326
1.198764506748768
1.185000093060042
1.1869962485352157
1.165780019499409
1.1708285760335635
1.1599472098519505
1.1637149940320046
1.15477672876406
1.1596471987489636
1.1531302937991177
1.1510373742516775
1.1409863881302416
1.141966175032375
1.134016400904877
1.1302991374770595
1.1180020422410146
1.1161294755189852
1.1059207046367163
1.090459882717161
1.0744331641630716
1.0417939203149638
1.016909750472831
0.9916636871448272
0.9686718243749501
0.8914128074454019
0.8578067112587348
0.8097662077013658
0.7796977751209798
0.7274811927741521
0.7015987537497027
0.6477966551165371
0.6262280209792594
0.5759707328440313
0.559261166189382
0.5184696697217137
0.5067207896941371
0.4781249947392493
0.47048242721342104
0.4524934620371768
0.4476812516603622
0.4418186560632812
0.43669918822446807
0.43452512201444204
0.427317837672569
0.4259984956522414
0.4216426524378422
0.42085655653919174
0.4181769078852215
0.4177185066505842
0.4168260601942424
0.4161819629995999
0.4158058188668204
0.41474687639421776
0.4144761713395412
0.41375824168961206
0.4135522637831373
0.41304278396937644
0.41287919243079263
0.4124924957863958
0.41235660731282975
0.41203202039560205
0.4119114065342445
0.41128244064610847
0.41113433858192117
0.41082269435214774
0.41067584007159963
0.40990987917297284
0.40969061029522824
0.4085097227883844
0.40817219510168573
0.40731431736901297
0.40693197919995355
0.4044912079317958
0.4038658942565413
0.3992778374232674
0.39829267285808256
0.3945812403135756
0.39333503804884923
0.3831527087454942
0.38136312009638335
0.372675764175889
0.3702741909875572
0.347051577543716
0.3442366934266683
0.32626546669388123
0.32281534577513304
0.3023343399675163
0.29853895118536267
0.2745760538210812
0.27036434771257595
0.24212620318521388
0.23771359238885578
0.2058074052724589
0.20199141336934948
0.16992205640002314
0.1676235035109476
0.1399856376768128
0.13931271773752313
0.1282680438817102
0.12373173045807402
0.11789215885122487
0.0990459532067193
0.09397506712527359
0.09295081924095251
0.09117878896365464
0.08866302830707307
0.0875196894275431
0.08609423768693827
0.0853755748721575
0.08457889177843024
0.08411449250403279
0.08366864324774086
0.0833578799197337
0.08322725046947005
0.08295048865349644
0.08294787564762104
0.08262380462358572
0.08263155640733184
0.08240543727376552
0.0824174152530341
0.08225408950795629
0.0822664956975242
0.08214410938379325
0.0821548327091339
0.08205924201351221
0.0820667277650157
0.08198764814822491
0.08199242451014184
0.08195391256749587
0.08191550123214589
0.08185088616984107
0.08185856616174642
0.08169445268019024
0.08171714392798266
0.08160933008533157
0.08161527042292195
0.08114593424456068
0.08119332035405853
0.08094208303362688
0.08094997237380035
0.08039489529485982
0.08041770421184948
0.0799801027491498
0.07994314958403186
0.07883838151717838
0.07874321072115714
0.0765278818594136
0.07628365134934739
0.0719542609470048
0.07149162922172259
0.06404151984492433
0.0634933356779587
0.058506291531039714
0.05771577511177148
0.052450268180693344
0.05150525085164702
0.045729340286258385
0.044569687269225576
0.03171270221057011
0.030891401659100228
0.027775238671164482
0.025650756059930054
0.02403404478247917
0.019592773235450514
0.018242392848587
0.014507637290245522
0.013416532183139354
0.010494664680160854
0.009648584597215577
0.007490701001345801
0.00684981868656235
0.005313825342408619
0.004832102051962793
0.004283273315653202
0.0036835491426994724
0.0034949456986661065
0.002587584786466049
0.0024579110583120164
0.0018182890559026135
0.001728737005753566
0.0014997760910784525
0.0013377842542562294
0.001237341650585262
0.0009521187316368947
0.0008804646858552036
0.0006883124218458613
0.0006377149030556001
0.0005725674349831166
0.0005086346232480981
0.00048612846911758604
