12.138787984848022
25.171103954315186
34.03048491477966
40.625016927719116
47.25070405006409
56.10313153266907
62.62402963638306
71.81528449058533
78.37917041778564
85.04177737236023
91.58081531524658
98.19943237304688
104.88428163528442
118.25850081443787
124.78295469284058
131.3731391429901
137.9633002281189
144.56177425384521
151.14051270484924
157.7678427696228
164.25449442863464
170.81642508506775
177.36943793296814
191.18764543533325
204.70811128616333
218.25003695487976
224.81304502487183
235.9957959651947
247.29116368293762
258.58376717567444
269.82979941368103
283.8057894706726
290.47130393981934
299.410676240921
311.09445691108704
324.635516166687
331.2546103000641
342.58864164352417
353.7857222557068
365.0722703933716
378.69427943229675
392.34139609336853
401.23752641677856
414.7944755554199
431.06636118888855
437.61480164527893
448.75257110595703
459.87647557258606
471.0672791004181
484.5312886238098
495.7604422569275
506.9151027202606
518.1942794322968
529.3100609779358
540.4652409553528
554.0945997238159
560.6817538738251
571.7442939281464
582.7601246833801
593.7927250862122
604.7640533447266
615.7371077537537
626.681316614151
637.6157312393188
648.6112434864044
661.8288104534149
668.7411742210388
679.957377910614
693.3774216175079
699.9279098510742
713.3157317638397
722.1623692512512
735.5878241062164
746.7221612930298
757.8851475715637
768.9872782230377
782.820276260376
794.2697048187256
807.7396399974823
818.9540591239929
830.102121591568
843.5447056293488
854.7933566570282
868.2137756347656
879.3332030773163
892.8578553199768
906.8388142585754
918.2147197723389
931.6511104106903
945.0759735107422
956.2915689945221
969.7589554786682
983.2185211181641
994.4723179340363
1007.9012296199799
1021.4188578128815
1035.3498945236206
1046.6107485294342
1060.2589569091797
1073.851351737976
1085.1293663978577
1098.8731818199158
1112.5607998371124
1123.7521660327911
1137.293505191803
1151.330775976181
1162.5784418582916
1176.046293258667
1187.1928849220276
1200.6864280700684
1211.9740540981293
1225.5143857002258
1236.7493233680725
1250.382985830307
1261.6797194480896
1275.7716455459595
1289.367889881134
1300.6933920383453
1314.1664218902588
1325.3087964057922
1338.7781381607056
1349.9864404201508
1363.5187575817108
1374.6506469249725
1388.4635970592499
1399.7682688236237
1413.2919647693634
1424.300098657608
1437.5736215114594
1448.6344060897827
1461.9874923229218
1475.247073173523
1488.5677888393402
1501.8801698684692
1513.3828291893005
1526.7723217010498
1540.2128567695618
1553.5426828861237
1566.9039254188538
1580.2371094226837
1593.517439365387
1606.9181928634644
1620.2396664619446
1633.926973104477
1647.3076424598694
1660.6041271686554
1674.0118601322174
1687.3963878154755
1700.8697483539581
1716.5631775856018
1723.1444401741028
1738.8056602478027
1746.330906867981
1761.9385914802551
1777.413345336914
1788.3212559223175
1803.8670094013214
1814.9730293750763
1830.4349625110626
1841.3980255126953
1856.85839676857
1868.1798975467682
1883.7942516803741
1892.6120245456696
1908.18248128891
1919.182366847992
1934.7504241466522
1945.7545800209045
1959.024521112442
1974.603019475937
1983.3659529685974
1999.2380986213684
2010.3980479240417
2026.046686887741
2034.77597117424
2050.3261861801147
2061.298437833786
2076.9311277866364
2085.76753616333
2101.3357634544373
2110.50514793396
2126.119430065155
2137.115631580353
2152.6531920433044
2161.430839776993
2176.944079399109
2187.961760044098
2203.4898936748505
2214.632016658783
2230.555277109146
2241.603934288025
2257.18776011467
2268.2142305374146
2283.748765707016
2294.844804763794
2310.5608971118927
2321.582424879074
2337.2023272514343
2348.663638114929
2364.3355424404144
2377.715313911438
2391.130555152893
2406.722272157669
2417.7858312129974
2433.356168985367
2444.3743369579315
2459.886974811554
2471.2039320468903
2489.3111112117767
2502.8218688964844
2516.2920258045197
2532.1737706661224
2543.335602283478
2559.117432832718
2570.3580389022827
2586.422352075577
2597.748479604721
2613.7789766788483
2625.0586154460907
2640.966031074524
2652.1572575569153
2667.995810031891
2676.896074771881
2692.7933464050293
2704.1342782974243
2720.468032360077
2729.40020942688
2745.3035085201263
2754.3284771442413
2770.2022869586945
2781.508061170578
2797.8366873264313
2806.840674161911
2822.7013754844666
2831.963762283325
2847.8825356960297
2859.152549266815
2874.945916414261
2883.846534013748
2899.687858581543
2911.0117497444153
2926.7141692638397
2935.5598480701447
2951.8479652404785
2963.0356888771057
2978.7928428649902
2989.9813492298126
3005.773607969284
3017.0116064548492
3032.7964446544647
3044.024196624756
3059.766533136368
3071.5302670001984
3087.3664634227753
3098.4950156211853
3114.1987159252167
3125.410735607147
3141.117344379425
3154.531933069229
3167.911813020706
3183.574842453003
3192.8750665187836
3208.7484414577484
3222.2531015872955
3237.9640970230103
3249.108430624008
3264.7259793281555
3275.7348601818085
3291.2826750278473
3302.722254514694
3318.8668303489685
3330.1353199481964
3346.0841262340546
3359.6821472644806
3373.2409765720367
3389.117611885071
3400.3244321346283
3416.282840490341
3427.619481563568
3443.419856786728
3454.6967244148254
3470.490117788315
3481.6776161193848
3497.468994140625
3508.8230240345
3524.7564256191254
3535.942068338394
3549.5799725055695
3565.3166630268097
3577.3898816108704
3590.8096358776093
3606.7303998470306
3615.753365278244
3631.61651468277
3642.886712551117
3658.815634727478
3665.595362186432
3681.7989671230316
3693.0238902568817
3708.911316394806
3717.8233094215393
3733.8235940933228
3745.1140904426575
3761.048118829727
3769.9467713832855
3785.9756491184235
3795.123144388199
3811.251734972
3820.232770204544
3836.1359066963196
3845.023940563202
3860.9904749393463
3872.3130078315735
3888.2399051189423
3899.433439731598
3915.580070734024
3926.731867790222
3942.416031360626
3951.2770640850067
3966.9491848945618
3980.2808599472046
3993.5593934059143
4009.1214299201965
4020.194339990616
4036.1225259304047
4047.1548216342926
4062.7136001586914
4073.7336823940277
4089.232487678528
4100.24965262413
4115.881585597992
4126.940608024597
4142.536586761475
4156.106711387634
4169.406523704529
4184.9803965091705
4195.884650230408
4211.372392416
4222.412843704224
4237.923458814621
4251.227374076843
4264.497915267944
4280.446635007858
4291.420081377029
4306.885656118393
4317.909384727478
4333.4272203445435
4346.70373249054
4359.917976140976
4375.425772190094
